1305031229.528748 -0.0667866 -0.00875332 -0.0786938 0.999192 0.00233038 0.040039 -0.00247299
1305031229.564425 -0.0496505 -0.0285358 -0.0068735 0.999987 -0.00247763 0.00434713 -0.000935112
1305031229.596600 -0.0822229 -0.0285613 -0.0509765 0.999865 -0.00255697 -0.0149734 0.00621153
1305031229.628753 -0.0872971 0.0123828 -0.0377051 0.999371 -0.00292059 -0.0336481 0.0108285
1305031229.664657 -0.0815208 -0.0671877 0.0168516 0.998474 -0.00949198 -0.0535932 0.00939471
1305031229.696827 -0.0779419 -0.053592 0.0279479 0.99775 -0.00870632 -0.0652548 0.0126736
1305031229.729064 -0.113706 0.00256024 0.0237129 0.996326 -0.00340583 -0.0837369 0.0176578
1305031229.764848 -0.103862 -0.0424508 0.00692889 0.994347 -0.00721678 -0.10356 0.0223074
1305031229.796909 -0.126385 -0.03936 0.0111541 0.992577 -0.00709548 -0.118295 0.0273467
1305031229.825613 -0.150501 -0.0321331 -0.000363789 0.989646 -0.00654821 -0.139388 0.033608
1305031229.863055 -0.139905 -0.0356495 0.0101961 0.985926 -0.00730876 -0.162253 0.0396289
1305031229.896929 -0.174001 -0.0279495 -0.00135085 0.982215 -0.00591824 -0.182147 0.0451814
1305031229.926248 -0.178397 -0.0395069 -0.00534091 0.97699 -0.0065321 -0.207328 0.0496351
1305031229.966160 -0.170177 -0.0317391 0.0080053 0.971144 -0.0056281 -0.232089 0.0546168
1305031229.997917 -0.163753 -0.0206293 0.0247992 0.965851 -0.00489925 -0.252454 0.0580979
1305031230.029991 -0.157417 -0.0205246 0.0390103 0.960777 -0.00494395 -0.270668 0.0601857
1305031230.065687 -0.161277 -0.0328986 0.0463331 0.955994 -0.005217 -0.286603 0.062501
1305031230.098242 -0.165769 -0.0185399 0.0441459 0.951271 -0.00337798 -0.301396 0.0650588
1305031230.129919 -0.178689 -0.0144908 0.0426389 0.946765 -0.00331059 -0.314988 0.0663967
1305031230.165771 -0.181577 -0.0231539 0.0378217 0.941865 -0.00496719 -0.328957 0.0682136
1305031230.197772 -0.174774 -0.0263418 0.0461874 0.936282 -0.00472209 -0.344438 0.0686692
1305031230.229830 -0.188295 -0.0279087 0.0364134 0.931046 -0.00518754 -0.357952 0.0706883
1305031230.265580 -0.18524 -0.0274841 0.0268663 0.924899 -0.00531554 -0.373163 0.0726892
1305031230.297982 -0.199338 -0.0352063 0.0307223 0.918488 -0.00686407 -0.388349 0.0742899
1305031230.325685 -0.211693 -0.0413581 0.0262417 0.912046 -0.00598087 -0.402795 0.0767604
1305031230.365650 -0.213753 -0.0292343 0.0153281 0.904875 -0.00521105 -0.41824 0.0790497
1305031230.397265 -0.225253 -0.0334184 0.0238036 0.896501 -0.00687866 -0.435362 0.0818466
1305031230.425670 -0.248684 -0.0305893 -0.000433534 0.888425 -0.0080094 -0.450871 0.0857439
1305031230.465220 -0.28595 -0.0373778 -0.0428224 0.878783 -0.00980085 -0.46865 0.0895025
1305031230.497228 -0.309341 -0.0329769 -0.0565583 0.865483 -0.0117 -0.492214 0.0923422
1305031230.526720 -0.345445 -0.0353306 -0.0425897 0.849896 -0.0137625 -0.517939 0.0960548
1305031230.566084 -0.383802 -0.0104187 -0.0543196 0.835088 -0.0125842 -0.541071 0.0985493
1305031230.598825 -0.394419 -0.00798595 -0.027694 0.817632 -0.0142022 -0.566955 0.0991886
1305031230.626028 -0.416926 0.00572313 -0.0321285 0.802003 -0.0140575 -0.5887 0.100128
1305031230.665795 -0.447264 0.0366182 -0.0131256 0.787007 -0.0136782 -0.608754 0.0992542
1305031230.697932 -0.474106 0.0379709 0.0130261 0.773625 -0.0149023 -0.62568 0.0990324
1305031230.725671 -0.49678 0.0405183 -0.00730885 0.761612 -0.0160716 -0.640063 0.100041
1305031230.765854 -0.524126 0.0233732 -0.0219637 0.748738 -0.0180515 -0.655028 0.100018
1305031230.797303 -0.554981 0.0189538 -0.0176257 0.73412 -0.0174872 -0.671136 0.101673
1305031230.825729 -0.538965 0.00824982 -0.0413738 0.719038 -0.0178236 -0.686777 0.104903
1305031230.865523 -0.555138 -0.00400096 -0.0530982 0.702317 -0.0184604 -0.703509 0.107171
1305031230.897379 -0.581153 0.00582806 -0.0702701 0.685785 -0.0154738 -0.719395 0.109225
1305031230.925860 -0.621931 0.0110292 -0.103095 0.672449 -0.013011 -0.731765 0.110288
1305031230.964976 -0.592625 0.11756 -0.19559 0.665839 -0.00681224 -0.737535 0.112496
1305031230.997080 -0.63398 0.209686 -0.171977 0.660293 -0.00335167 -0.742296 0.114009
1305031231.025653 -0.700766 0.292121 -0.116751 0.657 -0.000141022 -0.745011 0.115364
1305031231.064422 -0.819553 0.409978 0.0445029 0.654021 0.00298307 -0.747191 0.118123
1305031231.096775 -0.775105 0.447366 0.0201554 0.656253 0.00295543 -0.745205 0.118289
1305031231.125728 -0.821728 0.385205 0.0208357 0.657169 0.00164159 -0.744623 0.116889
1305031231.165241 -0.818726 0.429902 0.0397127 0.659084 0.00284347 -0.742679 0.11844
1305031231.197747 -0.986561 0.577758 0.262974 0.660203 0.00534193 -0.741438 0.119892
1305031231.225711 -1.06415 0.681359 0.324004 0.670373 0.00901554 -0.731791 0.122475
1305031231.265594 -1.06612 0.694184 0.340846 0.68749 0.0094887 -0.71585 0.121763
1305031231.297846 -1.09831 0.714865 0.381355 0.708102 0.0103066 -0.695634 0.120743
1305031231.325741 -1.06647 0.715762 0.401972 0.730114 0.00887327 -0.67287 0.118751
1305031231.365066 -1.05533 0.704994 0.419936 0.750986 0.00695653 -0.650015 0.115986
1305031231.397128 -1.00845 0.685028 0.408486 0.77028 0.00347895 -0.6271 0.115773
1305031231.425688 -0.974368 0.681201 0.400541 0.786351 -0.000813248 -0.60686 0.11564
1305031231.464918 -0.95179 0.670383 0.402069 0.799722 -0.00554595 -0.589399 0.114114
1305031231.493669 -0.950704 0.663421 0.393901 0.812863 -0.00826342 -0.571407 0.112607
1305031231.525755 -0.934559 0.663378 0.395257 0.824079 -0.0113074 -0.555144 0.112168
1305031231.565052 -0.917308 0.663044 0.384527 0.834804 -0.013643 -0.539116 0.110771
1305031231.593737 -0.902332 0.661252 0.405926 0.844061 -0.0166069 -0.52484 0.10876
1305031231.625704 -0.891125 0.657944 0.414746 0.853743 -0.0181058 -0.509263 0.106987
1305031231.665045 -0.869887 0.654673 0.416501 0.863273 -0.0187308 -0.493438 0.104533
1305031231.693702 -0.86169 0.659457 0.407907 0.873152 -0.0193267 -0.476398 0.101378
1305031231.725886 -0.842885 0.674178 0.436267 0.882266 -0.0184378 -0.460362 0.096606
1305031231.765478 -0.82825 0.694297 0.469684 0.892809 -0.0178294 -0.44081 0.0908879
1305031231.793723 -0.822472 0.688533 0.460546 0.905044 -0.0192412 -0.416437 0.0842895
1305031231.825686 -0.816027 0.692768 0.481097 0.916205 -0.0191399 -0.392708 0.0773479
1305031231.864940 -0.81985 0.701809 0.494473 0.928043 -0.016597 -0.365529 0.0696399
1305031231.893727 -0.814533 0.691287 0.459963 0.93958 -0.0168962 -0.336217 0.062141
1305031231.925706 -0.802587 0.68448 0.456654 0.948325 -0.0178821 -0.311591 0.0571848
1305031231.965010 -0.794718 0.67767 0.43188 0.956516 -0.0174812 -0.286415 0.0523266
1305031231.993726 -0.800864 0.670102 0.40464 0.962957 -0.018992 -0.264412 0.049392
1305031232.025790 -0.765611 0.678486 0.437113 0.967415 -0.0180142 -0.248097 0.0472485
1305031232.065122 -0.769392 0.687668 0.432818 0.973224 -0.0165238 -0.225061 0.043711
1305031232.093725 -0.790318 0.693435 0.424989 0.978307 -0.0162287 -0.202327 0.0414159
1305031232.125662 -0.812068 0.700754 0.427498 0.982355 -0.0145838 -0.182299 0.0391477
1305031232.165032 -0.79629 0.709584 0.42467 0.985373 -0.0128221 -0.165884 0.0368615
1305031232.193716 -0.775669 0.716334 0.412341 0.988262 -0.0120967 -0.148495 0.0337735
1305031232.225683 -0.775729 0.72182 0.416817 0.991087 -0.0118723 -0.12927 0.0298966
1305031232.262691 -0.76947 0.723893 0.406907 0.9935 -0.0107238 -0.11034 0.0258556
1305031232.293855 -0.758238 0.738657 0.391047 0.995576 -0.0104611 -0.0907594 0.0219575
1305031232.325619 -0.793708 0.743002 0.397112 0.99732 -0.00959008 -0.0703507 0.017625
1305031232.364738 -0.802197 0.772806 0.393903 0.998378 -0.00705171 -0.0543999 0.0152674
1305031232.393714 -0.807828 0.792865 0.393295 0.99906 -0.00630574 -0.0407841 0.0132544
1305031232.425721 -0.826719 0.800955 0.397025 0.999494 -0.00616066 -0.0292042 0.0110167
1305031232.464703 -0.835128 0.802571 0.392417 0.999747 -0.00573935 -0.0199678 0.00864965
1305031232.493650 -0.804897 0.791229 0.37844 0.999886 -0.00695973 -0.0118325 0.00627187
1305031232.525781 -0.811078 0.784175 0.369034 0.999963 -0.00810847 0.00158061 0.00234194
1305031232.564714 -0.822155 0.783134 0.373888 0.999857 -0.00811037 0.0148052 -0.000788473
1305031232.593722 -0.800429 0.773038 0.349923 0.999594 -0.00900812 0.026724 -0.00411674
1305031232.625783 -0.800783 0.768199 0.334551 0.998965 -0.0107043 0.0432898 -0.00893016
1305031232.664695 -0.824884 0.776994 0.360661 0.99804 -0.010151 0.0604906 -0.0124034
1305031232.693701 -0.821645 0.779969 0.342788 0.997117 -0.0082599 0.0736303 -0.0163537
1305031232.725876 -0.805837 0.764893 0.310677 0.995772 -0.0100593 0.0887439 -0.0214825
1305031232.761719 -0.820587 0.771568 0.331275 0.993698 -0.0107827 0.108266 -0.0269661
1305031232.793672 -0.820442 0.778315 0.338656 0.991525 -0.00850689 0.125297 -0.033269
1305031232.825767 -0.82903 0.794125 0.321956 0.989386 -0.00689857 0.140685 -0.0357263
1305031232.861666 -0.818134 0.775406 0.293592 0.987592 -0.00802985 0.152206 -0.0378341
1305031232.893683 -0.840833 0.80834 0.309928 0.986103 -0.004365 0.162051 -0.0363505
1305031232.925756 -0.84872 0.836458 0.298931 0.985741 -0.00136182 0.164993 -0.0330234
1305031232.961662 -0.844203 0.834666 0.28822 0.985764 -0.000186209 0.165254 -0.0310035
1305031232.993641 -0.851204 0.873959 0.288336 0.985897 0.00134331 0.165388 -0.0255214
1305031233.025746 -0.945375 1.09636 0.368585 0.986962 0.020376 0.159469 -0.00776809
1305031233.061697 -0.969346 1.10404 0.353579 0.990102 0.0250474 0.138089 0.00162043
1305031233.093701 -1.0004 1.13029 0.362056 0.993168 0.029672 0.111937 0.0144224
1305031233.125846 -0.957547 0.982592 0.324624 0.996418 0.0173195 0.0818181 0.012496
1305031233.161744 -0.934561 0.928895 0.285811 0.997363 0.00921151 0.0702927 0.0155493
1305031233.193761 -0.938556 0.928472 0.291383 0.997822 0.00262337 0.0637233 0.0168542
1305031233.225763 -0.973183 0.95789 0.351508 0.998073 0.000649009 0.0567588 0.0250506
1305031233.261687 -0.992652 1.01535 0.393615 0.998878 0.00668376 0.0346437 0.0315759
1305031233.293802 -1.11266 0.772592 0.426199 0.998687 -0.0128009 0.0102535 0.0485325
1305031233.325798 -1.08066 0.818732 0.462186 0.996999 -0.00969835 -0.0449962 0.0622424
1305031233.393685 -1.08521 0.862888 0.483879 0.993714 -0.00728665 -0.0861311 0.0711452
1305031233.425708 -1.08869 0.831708 0.505929 0.988986 -0.00922918 -0.126234 0.0767262
1305031233.461836 -1.05158 0.845042 0.54931 0.984432 -0.00697145 -0.155384 0.0818608
1305031233.493692 -1.0373 0.851635 0.564404 0.981927 -0.0056506 -0.171039 0.0808296
1305031233.525708 -1.08847 0.840336 0.555813 0.980126 -0.00438998 -0.181421 0.0801274
1305031233.561785 -1.09268 0.834068 0.553133 0.976334 -0.00452194 -0.20003 0.082098
1305031233.593760 -1.13378 0.805164 0.541784 0.971229 -0.00551612 -0.221984 0.0860661
1305031233.625707 -1.12897 0.811119 0.551977 0.963847 -0.00302752 -0.250489 0.0908081
1305031233.661700 -1.10645 0.844303 0.594069 0.956359 0.000791502 -0.276502 0.0944674
1305031233.693779 -1.08479 0.85846 0.656367 0.950059 0.00326551 -0.297211 0.0950988
1305031233.725575 -1.0122 0.893465 0.720055 0.945895 0.00695468 -0.310801 0.0929312
1305031233.761643 -0.99444 0.924421 0.764466 0.946533 0.00903205 -0.310011 0.0888074
1305031233.793747 -0.993824 0.919901 0.755447 0.949527 0.00620979 -0.301898 0.0849581
1305031233.825687 -0.986692 0.880264 0.745094 0.951202 0.00159363 -0.297078 0.0834062
1305031233.861613 -0.993093 0.876794 0.721153 0.951808 0.00301025 -0.294999 0.0838387
1305031233.893718 -0.986484 0.873679 0.72764 0.950836 0.0031364 -0.297776 0.0850313
1305031233.925841 -0.96483 0.867575 0.760496 0.949487 0.00488327 -0.301365 0.0873446
1305031233.961748 -0.9624 0.886219 0.782689 0.949387 0.0112778 -0.300955 0.0892345
1305031233.993722 -0.950429 0.870057 0.818634 0.949494 0.016783 -0.299827 0.0910122
1305031234.025786 -0.944013 0.89876 0.813148 0.950653 0.0279596 -0.294585 0.0932612
1305031234.061675 -0.940126 0.900474 0.824283 0.951993 0.0358004 -0.288732 0.0951962
1305031234.093790 -0.933637 0.894247 0.810275 0.95341 0.0443865 -0.282122 0.0971949
1305031234.129606 -0.937051 0.90221 0.814637 0.95402 0.0567242 -0.277287 0.0986907
1305031234.161729 -0.938288 0.926781 0.793663 0.954781 0.0679333 -0.271413 0.100569
1305031234.193710 -0.928215 0.88904 0.816355 0.954447 0.0737089 -0.26987 0.103769
1305031234.229746 -0.935377 0.929981 0.802098 0.954015 0.0899242 -0.265325 0.106642
1305031234.261752 -0.929836 0.942028 0.802831 0.953662 0.0986884 -0.262652 0.108642
1305031234.293697 -0.930773 0.928205 0.81791 0.953041 0.105732 -0.260607 0.112331
1305031234.329654 -0.925609 0.936415 0.818686 0.951758 0.118084 -0.258912 0.114795
1305031234.361612 -0.924121 0.956238 0.8211 0.950393 0.128743 -0.257535 0.117701
1305031234.393723 -0.920993 0.946917 0.822679 0.949296 0.13794 -0.255843 0.119807
1305031234.429703 -0.906118 0.919385 0.838829 0.947664 0.148902 -0.254843 0.121725
1305031234.461690 -0.902916 0.944087 0.823345 0.945742 0.165673 -0.250135 0.124731
1305031234.493831 -0.891963 0.925644 0.831104 0.943945 0.176606 -0.247607 0.128334
1305031234.529645 -0.879087 0.898089 0.81004 0.941264 0.191656 -0.24408 0.133099
1305031234.561675 -0.879369 0.93973 0.788815 0.936916 0.211869 -0.24201 0.136862
1305031234.593780 -0.869205 0.921717 0.786337 0.933315 0.226174 -0.241282 0.139825
1305031234.630013 -0.853544 0.93208 0.777575 0.928687 0.24463 -0.238637 0.144044
1305031234.661618 -0.8523 0.93646 0.761602 0.92495 0.260511 -0.235286 0.145749
1305031234.693750 -0.84482 0.941606 0.753411 0.920707 0.27757 -0.231129 0.147759
1305031234.729764 -0.842601 0.954755 0.733404 0.916295 0.293837 -0.227232 0.149765
1305031234.761815 -0.834527 0.950714 0.71148 0.9114 0.311058 -0.222587 0.151816
1305031234.793716 -0.861131 1.03314 0.73668 0.90461 0.329637 -0.219783 0.157212
1305031234.829772 -0.840631 1.02192 0.741272 0.901246 0.339685 -0.217949 0.157698
1305031234.861873 -0.879155 1.08183 0.742933 0.897033 0.352463 -0.213279 0.160044
1305031234.893760 -0.865275 1.12298 0.757665 0.894271 0.35991 -0.212415 0.160077
1305031234.929666 -0.908726 1.24965 0.841779 0.892079 0.364138 -0.212445 0.162681
1305031234.961659 -0.909453 1.21917 0.850713 0.8941 0.358289 -0.214088 0.162423
1305031234.993749 -0.91865 1.25671 0.889447 0.895922 0.350714 -0.2192 0.162096
1305031235.029701 -0.920755 1.21553 0.897329 0.899177 0.340795 -0.222464 0.160775
1305031235.061591 -0.96414 1.26183 0.948909 0.901215 0.332266 -0.22731 0.160441
1305031235.093621 -0.957443 1.24261 0.98253 0.905067 0.319567 -0.23195 0.157889
1305031235.129679 -0.958256 1.18767 0.968321 0.909285 0.306615 -0.234153 0.156079
1305031235.161491 -0.984575 1.23133 0.999391 0.910996 0.29903 -0.238175 0.154726
1305031235.193605 -0.977737 1.20694 1.04663 0.915541 0.281862 -0.24309 0.152465
1305031235.229635 -0.992255 1.20267 1.05106 0.919243 0.269389 -0.244235 0.150902
1305031235.261629 -0.992885 1.20174 1.07519 0.922646 0.256689 -0.24758 0.146765
1305031235.293677 -1.00651 1.21689 1.10432 0.926219 0.244137 -0.249034 0.14317
1305031235.329649 -1.013 1.2163 1.12679 0.930987 0.226256 -0.250239 0.13947
1305031235.361653 -1.02286 1.18108 1.12886 0.935932 0.207813 -0.250252 0.13498
1305031235.393686 -1.0438 1.21832 1.13685 0.93842 0.194936 -0.252304 0.133079
1305031235.429666 -1.04827 1.21722 1.17262 0.941615 0.173233 -0.257709 0.130146
1305031235.461669 -1.0565 1.20068 1.18125 0.944397 0.154099 -0.260542 0.128394
1305031235.493665 -1.06364 1.19361 1.19281 0.946556 0.135498 -0.264491 0.125368
1305031235.529738 -1.07071 1.19866 1.21753 0.948076 0.116839 -0.269045 0.122943
1305031235.561675 -1.07821 1.19555 1.23579 0.949605 0.0985328 -0.271919 0.120835
1305031235.593726 -1.09698 1.2203 1.24452 0.951095 0.080735 -0.273994 0.11759
1305031235.629798 -1.09525 1.19629 1.26677 0.952016 0.0585326 -0.277703 0.114544
1305031235.661669 -1.10832 1.20467 1.27215 0.952645 0.0387976 -0.280009 0.112059
1305031235.693698 -1.11505 1.19593 1.3 0.952314 0.0168974 -0.284272 0.109552
1305031235.729661 -1.12366 1.19212 1.32126 0.951511 -0.00406079 -0.288626 0.106321
1305031235.761818 -1.12986 1.20957 1.35224 0.950153 -0.0240531 -0.29336 0.10281
1305031235.793628 -1.13932 1.20913 1.37901 0.948793 -0.045596 -0.296219 0.0998322
1305031235.829663 -1.13974 1.21367 1.4311 0.94652 -0.0646997 -0.301112 0.096154
1305031235.861603 -1.14821 1.22309 1.45595 0.945027 -0.0827271 -0.302618 0.0922082
1305031235.893698 -1.16148 1.24795 1.46752 0.943592 -0.0981865 -0.303336 0.0893314
1305031235.929664 -1.16477 1.21789 1.48364 0.941455 -0.117436 -0.304109 0.0859619
1305031235.961704 -1.17732 1.25099 1.4926 0.93953 -0.130441 -0.305498 0.083301
1305031235.993673 -1.18999 1.26357 1.50767 0.937698 -0.143174 -0.306176 0.0805004
1305031236.029652 -1.195 1.273 1.51447 0.935802 -0.155304 -0.306732 0.0779098
1305031236.061630 -1.21492 1.31775 1.51804 0.93439 -0.16495 -0.306163 0.0772779
1305031236.093688 -1.22557 1.32965 1.52485 0.933557 -0.171371 -0.305766 0.0749017
1305031236.129660 -1.23862 1.35074 1.53439 0.933068 -0.176703 -0.304852 0.0722884
1305031236.161670 -1.24041 1.35498 1.53666 0.932264 -0.182266 -0.304161 0.0717612
1305031236.193597 -1.24672 1.37161 1.54139 0.931529 -0.18842 -0.30279 0.0712065
1305031236.229721 -1.26131 1.38937 1.5454 0.932474 -0.188434 -0.300373 0.0689936
1305031236.261669 -1.26528 1.39534 1.54982 0.933941 -0.184192 -0.298794 0.0674516
1305031236.293648 -1.27727 1.39742 1.55522 0.935822 -0.178244 -0.296573 0.0671548
1305031236.329663 -1.27938 1.39822 1.5539 0.937878 -0.168208 -0.295102 0.0707525
1305031236.361588 -1.27507 1.38524 1.54801 0.93928 -0.158199 -0.295331 0.0741962
1305031236.393685 -1.26719 1.37037 1.53538 0.940803 -0.14707 -0.295389 0.0774954
1305031236.429662 -1.25947 1.35677 1.51536 0.94294 -0.13392 -0.293754 0.0814791
1305031236.461654 -1.2405 1.335 1.49743 0.945081 -0.119643 -0.292083 0.0848269
1305031236.493658 -1.22984 1.31691 1.47836 0.946915 -0.106743 -0.29046 0.0871297
1305031236.529695 -1.20987 1.29188 1.45952 0.948576 -0.091286 -0.289612 0.0894208
1305031236.561678 -1.19657 1.27614 1.43367 0.950382 -0.0762117 -0.287752 0.0903573
1305031236.593682 -1.19164 1.26709 1.40997 0.952152 -0.0596845 -0.285034 0.0927376
1305031236.629642 -1.16754 1.22309 1.378 0.953344 -0.0447372 -0.283375 0.0939824
1305031236.661655 -1.1603 1.20415 1.34633 0.954136 -0.0299964 -0.28195 0.0960641
1305031236.693667 -1.148 1.18985 1.31915 0.954262 -0.0133728 -0.281757 0.09909
1305031236.729693 -1.14007 1.19916 1.28144 0.954357 0.00590238 -0.280542 0.102292
1305031236.761749 -1.1347 1.17024 1.24879 0.954538 0.0192651 -0.278449 0.10465
1305031236.793675 -1.14344 1.1843 1.19474 0.954715 0.0406402 -0.274478 0.107379
1305031236.829705 -1.13544 1.18853 1.1651 0.954242 0.0600006 -0.272115 0.108513
1305031236.861617 -1.13067 1.18577 1.12733 0.95379 0.0774518 -0.268501 0.110427
1305031236.893505 -1.12512 1.17346 1.08643 0.952821 0.095346 -0.26564 0.1117
1305031236.929669 -1.11994 1.18319 1.04994 0.950916 0.115032 -0.263689 0.113989
1305031236.961639 -1.10263 1.16778 1.01299 0.948711 0.130591 -0.263124 0.116869
1305031236.993680 -1.0982 1.16042 0.980014 0.94605 0.149471 -0.261824 0.118724
1305031237.029714 -1.07954 1.17317 0.951501 0.942762 0.169005 -0.260938 0.12062
1305031237.061729 -1.06577 1.16698 0.926146 0.940038 0.185998 -0.258345 0.122436
1305031237.093695 -1.04308 1.14341 0.894936 0.93719 0.202191 -0.255754 0.124033
1305031237.129774 -1.02765 1.15483 0.862684 0.933358 0.223579 -0.250851 0.126209
1305031237.161661 -1.01867 1.1639 0.830864 0.930032 0.239615 -0.246541 0.129781
1305031237.193642 -0.991269 1.14065 0.809868 0.926186 0.253698 -0.244781 0.133786
1305031237.229691 -1.00121 1.20021 0.790772 0.921063 0.273184 -0.240401 0.138639
1305031237.261663 -0.984572 1.20062 0.774085 0.917477 0.286511 -0.23751 0.140487
1305031237.293709 -0.969373 1.21934 0.764711 0.913658 0.301247 -0.23251 0.142889
1305031237.329672 -0.957262 1.21444 0.731074 0.911117 0.312304 -0.22657 0.144906
1305031237.361618 -0.953527 1.22512 0.692273 0.907477 0.325802 -0.220657 0.147136
1305031237.393671 -0.961047 1.26869 0.68226 0.90348 0.338168 -0.216819 0.149519
1305031237.429793 -0.948032 1.27156 0.670654 0.90036 0.34723 -0.213732 0.15199
1305031237.461646 -0.940321 1.26462 0.634397 0.897088 0.356074 -0.209833 0.156252
1305031237.493702 -0.977157 1.32725 0.652448 0.892004 0.368254 -0.207852 0.159736
1305031237.529735 -0.950079 1.33131 0.625371 0.889637 0.373927 -0.206617 0.161349
1305031237.561669 -0.965272 1.34702 0.598256 0.885993 0.382433 -0.203598 0.165258
1305031237.593680 -0.950401 1.39707 0.605802 0.882667 0.38958 -0.203763 0.166153
1305031237.629705 -0.948901 1.4096 0.593194 0.880834 0.393812 -0.202094 0.167936
1305031237.661656 -0.950916 1.43993 0.601824 0.879342 0.396816 -0.201704 0.169145
1305031237.693693 -0.950771 1.45144 0.598949 0.878355 0.399762 -0.199585 0.169848
1305031237.729752 -0.984135 1.50601 0.649827 0.877298 0.401081 -0.199947 0.171766
1305031237.761654 -0.901467 1.42122 0.61287 0.879091 0.396751 -0.202186 0.170026
1305031237.793725 -0.876149 1.38997 0.596443 0.877979 0.399735 -0.200384 0.17091
1305031237.829769 -0.707287 1.3518 0.51656 0.87919 0.39706 -0.203088 0.167698
1305031237.861836 -0.731877 1.326 0.544009 0.881245 0.391854 -0.204293 0.167697
1305031237.893771 -0.738233 1.29598 0.491767 0.879327 0.394905 -0.203352 0.171703
1305031237.929849 -0.739415 1.33699 0.512389 0.878498 0.39377 -0.208534 0.172338
1305031237.961658 -0.779051 1.36395 0.531643 0.880673 0.386845 -0.211847 0.17288
1305031237.993683 -0.803783 1.38265 0.542416 0.882654 0.379026 -0.217656 0.172876
1305031238.029709 -0.800695 1.40568 0.583946 0.885151 0.369811 -0.226429 0.168753
1305031238.061670 -0.83322 1.44949 0.632743 0.889686 0.357163 -0.23273 0.163492
1305031238.093685 -0.831774 1.44059 0.683517 0.896896 0.338803 -0.238319 0.1549
1305031238.129747 -0.839202 1.39451 0.69814 0.904871 0.319109 -0.240265 0.147139
1305031238.161682 -0.885002 1.42061 0.739844 0.911791 0.299326 -0.243811 0.139989
1305031238.193792 -0.889065 1.34662 0.74702 0.919497 0.273392 -0.249619 0.13218
1305031238.230012 -0.903788 1.3323 0.763399 0.924199 0.254559 -0.255388 0.125828
1305031238.261604 -0.904052 1.32861 0.795348 0.928543 0.235205 -0.26099 0.119879
1305031238.293671 -0.935265 1.35707 0.818816 0.933221 0.216339 -0.263022 0.114521
1305031238.329662 -0.947039 1.31994 0.84976 0.938255 0.191773 -0.266491 0.109014
1305031238.361640 -0.965961 1.31043 0.855758 0.942177 0.172194 -0.268509 0.102737
1305031238.393667 -0.979703 1.30414 0.88051 0.945541 0.151478 -0.271656 0.0959681
1305031238.429673 -0.990357 1.27452 0.894375 0.948963 0.129921 -0.273031 0.089684
1305031238.461685 -1.00617 1.26867 0.912033 0.951133 0.112577 -0.274721 0.08486
1305031238.493679 -1.01379 1.23148 0.928344 0.952787 0.0944386 -0.277536 0.079074
1305031238.529670 -1.02293 1.19686 0.933732 0.953708 0.0806419 -0.27992 0.0747204
1305031238.561624 -1.02985 1.21934 0.952687 0.953681 0.0702441 -0.283665 0.0713603
1305031238.593741 -1.03389 1.21092 0.969755 0.953721 0.0568741 -0.287473 0.0673842
1305031238.629751 -1.02986 1.21907 0.998409 0.953519 0.0437141 -0.291195 0.064005
1305031238.661628 -1.04312 1.21661 1.0091 0.954248 0.0307427 -0.291306 0.0600532
1305031238.693855 -1.04973 1.2368 1.02961 0.954444 0.0181837 -0.292453 0.05637
1305031238.729729 -1.0613 1.20834 1.04101 0.954473 0.000817192 -0.293695 0.0521889
1305031238.761658 -1.06956 1.20347 1.05549 0.953774 -0.0115272 -0.296125 0.0499122
1305031238.793691 -1.07717 1.22491 1.06303 0.953074 -0.0209483 -0.298214 0.047736
1305031238.829730 -1.08603 1.24065 1.08171 0.952229 -0.0331757 -0.300205 0.045129
1305031238.861826 -1.0936 1.21123 1.10093 0.951354 -0.0464463 -0.301416 0.043787
1305031238.893734 -1.09413 1.22138 1.11717 0.950381 -0.0528219 -0.303457 0.0435778
1305031238.929837 -1.09251 1.22418 1.12209 0.949556 -0.0593134 -0.304985 0.042532
1305031238.961656 -1.11356 1.24261 1.12333 0.949591 -0.0647685 -0.303996 0.0408374
1305031238.993704 -1.11388 1.23349 1.12444 0.94956 -0.0706698 -0.303254 0.0371308
1305031239.029670 -1.11899 1.24909 1.13207 0.949239 -0.0771274 -0.302909 0.0352493
1305031239.061677 -1.13835 1.27737 1.13565 0.949396 -0.079502 -0.301813 0.0351499
1305031239.093689 -1.14429 1.28745 1.13247 0.949729 -0.0783359 -0.30119 0.0341065
1305031239.129738 -1.15509 1.30403 1.12783 0.950351 -0.0768822 -0.299526 0.0347338
1305031239.161756 -1.15962 1.31422 1.13152 0.951226 -0.0717668 -0.297772 0.0367434
1305031239.193706 -1.14824 1.30495 1.11993 0.951761 -0.0678431 -0.29687 0.0376369
1305031239.229882 -1.14338 1.3064 1.11871 0.951724 -0.0635437 -0.297709 0.0394117
1305031239.261721 -1.14122 1.30386 1.11271 0.951742 -0.0568511 -0.298505 0.0430089
1305031239.293674 -1.13561 1.30392 1.11162 0.951994 -0.0483629 -0.298757 0.0459571
1305031239.329705 -1.12951 1.30029 1.09726 0.952623 -0.0391547 -0.297642 0.0488436
1305031239.361715 -1.12091 1.29377 1.092 0.952921 -0.0295623 -0.29723 0.0521781
1305031239.393718 -1.1104 1.28767 1.08744 0.952911 -0.0194168 -0.29749 0.0555227
1305031239.429744 -1.10253 1.28581 1.07759 0.95263 -0.00735965 -0.297893 0.0608438
1305031239.461708 -1.09731 1.30634 1.06593 0.952245 0.00793895 -0.298125 0.0654861
1305031239.493720 -1.08868 1.30072 1.05926 0.951861 0.0195967 -0.297914 0.06945
1305031239.529662 -1.08362 1.31107 1.05295 0.951709 0.0344362 -0.296187 0.07306
1305031239.561733 -1.07327 1.31025 1.0442 0.952031 0.0483416 -0.292763 0.0747698
1305031239.593921 -1.07746 1.32275 1.02374 0.952653 0.0625251 -0.287208 0.0778134
1305031239.629723 -1.07346 1.30785 1.01582 0.952532 0.074921 -0.283743 0.0809892
1305031239.661659 -1.07938 1.32976 0.988078 0.952242 0.0905861 -0.278899 0.0851105
1305031239.693733 -1.06618 1.30457 0.98327 0.951262 0.101091 -0.27733 0.0892671
1305031239.729894 -1.05789 1.29263 0.964472 0.949709 0.116786 -0.275242 0.0930405
1305031239.761913 -1.0376 1.29094 0.965801 0.946822 0.133933 -0.275003 0.0998114
1305031239.793585 -1.02467 1.28538 0.954814 0.943353 0.152974 -0.272882 0.110546
1305031239.829666 -1.03598 1.30066 0.896919 0.940054 0.17247 -0.268229 0.120857
1305031239.861692 -1.01798 1.31552 0.904975 0.93481 0.191625 -0.272014 0.124172
1305031239.893740 -0.987772 1.30887 0.900228 0.930608 0.208292 -0.272421 0.127944
1305031239.929706 -0.986447 1.31354 0.888686 0.927363 0.226072 -0.268567 0.129466
1305031239.961710 -0.973859 1.31822 0.876851 0.924468 0.241781 -0.264386 0.130391
1305031239.993691 -0.953806 1.28189 0.848423 0.922101 0.253539 -0.260263 0.133084
1305031240.029620 -0.955625 1.31206 0.825154 0.917453 0.271112 -0.256458 0.137868
1305031240.061929 -0.95038 1.30122 0.802064 0.913535 0.284456 -0.254455 0.140683
1305031240.093651 -0.920758 1.29904 0.789759 0.907836 0.300693 -0.253762 0.144991
1305031240.129665 -0.898187 1.28345 0.766541 0.901442 0.319426 -0.251279 0.149089
1305031240.161723 -0.91337 1.37186 0.768373 0.894024 0.339605 -0.248157 0.1543
1305031240.193676 -0.869038 1.31575 0.728421 0.889098 0.351626 -0.246363 0.158648
1305031240.229661 -0.860536 1.33568 0.682959 0.880426 0.373704 -0.241333 0.164177
1305031240.261700 -0.863861 1.40156 0.703871 0.872907 0.389651 -0.239593 0.169709
1305031240.293646 -0.827574 1.37218 0.662811 0.86674 0.401681 -0.237043 0.176705
1305031240.329670 -0.746055 1.39412 0.627795 0.858864 0.41764 -0.235489 0.180204
1305031240.361685 -0.748376 1.44927 0.622075 0.853056 0.430504 -0.230686 0.183701
1305031240.393695 -0.724031 1.45601 0.586302 0.848045 0.441542 -0.224994 0.187719
1305031240.429707 -0.662116 1.45907 0.548624 0.843612 0.449558 -0.223985 0.189863
1305031240.461673 -0.633052 1.5296 0.592025 0.839149 0.457396 -0.223935 0.190973
1305031240.493713 -0.693628 1.53539 0.588383 0.83658 0.463168 -0.219621 0.193327
1305031240.529672 -0.575552 1.49343 0.491811 0.835248 0.465786 -0.219117 0.193371
1305031240.561748 -0.514361 1.49523 0.449447 0.835933 0.464062 -0.221818 0.191469
1305031240.593679 -0.524112 1.4954 0.461089 0.8375 0.460775 -0.222665 0.191576
1305031240.631058 -0.506063 1.52103 0.504385 0.839298 0.456304 -0.226204 0.190257
1305031240.661629 -0.589554 1.52724 0.567041 0.842439 0.450953 -0.227435 0.187649
1305031240.693800 -0.591809 1.51616 0.582608 0.844899 0.446173 -0.228187 0.187101
1305031240.729633 -0.611756 1.52783 0.620474 0.850174 0.437126 -0.230322 0.181871
1305031240.761607 -0.622584 1.4837 0.617553 0.855184 0.428378 -0.229702 0.179973
1305031240.793590 -0.641482 1.49245 0.644882 0.858589 0.422035 -0.231077 0.176963
1305031240.829620 -0.641778 1.52207 0.712989 0.864161 0.411467 -0.233561 0.171374
1305031240.893685 -0.667615 1.51557 0.817523 0.876225 0.387933 -0.235215 0.162517
1305031240.929673 -0.691625 1.54395 0.885901 0.88267 0.374012 -0.237771 0.156441
1305031240.961709 -0.701325 1.5078 0.892352 0.892116 0.353256 -0.238022 0.150613
1305031240.993643 -0.727097 1.52918 0.908287 0.897871 0.33949 -0.239544 0.145576
1305031241.029623 -0.724854 1.51993 0.950525 0.906187 0.316055 -0.243754 0.139707
1305031241.061990 -0.743551 1.50817 0.953834 0.912539 0.295509 -0.245715 0.139898
1305031241.093615 -0.758244 1.5079 0.974051 0.917471 0.276127 -0.252014 0.135981
1305031241.129761 -0.754323 1.47645 0.992991 0.922956 0.252637 -0.258804 0.13171
1305031241.193714 -0.758496 1.42648 1.0491 0.932009 0.206459 -0.271319 0.122964
1305031241.229602 -0.83414 1.46547 1.12553 0.934484 0.191784 -0.273824 0.122387
1305031241.261662 -0.834449 1.45036 1.1411 0.938132 0.174364 -0.275035 0.117729
1305031241.293804 -0.847361 1.47058 1.14631 0.941587 0.157513 -0.274784 0.114443
1305031241.329910 -0.858648 1.47241 1.16551 0.944669 0.134077 -0.276577 0.114582
1305031241.393718 -0.888903 1.45661 1.12114 0.947516 0.0943824 -0.282175 0.11697
1305031241.429669 -0.889126 1.45264 1.15737 0.946177 0.0750984 -0.292334 0.116833
1305031241.461678 -0.880238 1.43215 1.25103 0.943954 0.0603295 -0.302851 0.116587
1305031241.493736 -0.878937 1.42021 1.28991 0.944476 0.0560468 -0.303235 0.113455
1305031241.561686 -0.871541 1.40316 1.28721 0.947219 0.0592934 -0.296537 0.106422
1305031241.593680 -0.85801 1.36316 1.26882 0.947865 0.0562931 -0.295351 0.105596
1305031241.661658 -0.8409 1.37683 1.27697 0.946317 0.0726331 -0.297257 0.104153
1305031241.693629 -0.833098 1.37047 1.27605 0.946527 0.0758513 -0.296497 0.102093
1305031241.729700 -0.83472 1.38051 1.26532 0.946819 0.0817501 -0.295094 0.0988468
1305031241.761678 -0.826724 1.36661 1.26077 0.946944 0.0848091 -0.294636 0.0964054
1305031241.793694 -0.843923 1.40168 1.24003 0.947184 0.0908492 -0.292866 0.0939096
1305031241.829759 -0.836211 1.35385 1.23163 0.94701 0.0899331 -0.295562 0.0879052
1305031241.861672 -0.846642 1.36857 1.21248 0.945856 0.0988111 -0.298027 0.0822993
1305031241.893622 -0.853353 1.41189 1.20598 0.944838 0.103828 -0.301359 0.0753886
1305031241.929686 -0.851476 1.38958 1.21677 0.94418 0.105069 -0.305524 0.0643331
1305031241.961685 -0.85431 1.39196 1.21608 0.944024 0.110139 -0.306681 0.0513317
1305031241.993687 -0.85103 1.4282 1.23135 0.943916 0.115538 -0.307256 0.0356086
1305031242.029756 -0.841947 1.4274 1.25502 0.944686 0.116474 -0.306031 0.018647
1305031242.061654 -0.853573 1.42361 1.24424 0.94718 0.117324 -0.29847 0.000265016
1305031242.093725 -0.866433 1.4089 1.23629 0.949125 0.117319 -0.291537 -0.0200786
1305031242.129682 -0.86748 1.40646 1.23923 0.950497 0.118311 -0.28469 -0.0388459
1305031242.161668 -0.887217 1.3924 1.2227 0.952256 0.117256 -0.276212 -0.0562724
1305031242.193683 -0.909664 1.37551 1.20551 0.95235 0.117336 -0.271841 -0.0732396
1305031242.261884 -0.916047 1.35095 1.20481 0.949425 0.122001 -0.269742 -0.10463
1305031242.293820 -0.901676 1.3396 1.21927 0.947017 0.126325 -0.268517 -0.122878
1305031242.393679 -0.901793 1.33111 1.21525 0.94559 0.129604 -0.264043 -0.139078
1305031242.429711 -0.916172 1.30987 1.19546 0.943188 0.13522 -0.259139 -0.157986
1305031242.461695 -0.902478 1.33394 1.19783 0.939666 0.143535 -0.255513 -0.176464
1305031242.493742 -0.917112 1.31092 1.17397 0.936075 0.14983 -0.246743 -0.201079
1305031242.593693 -0.906929 1.29535 1.16698 0.931143 0.152593 -0.242531 -0.225538
1305031242.629711 -0.914576 1.29155 1.16269 0.927713 0.155268 -0.234421 -0.245535
1305031242.661782 -0.970745 1.29469 1.15532 0.92264 0.160124 -0.225665 -0.268646
1305031242.761930 -0.99979 1.28231 1.15364 0.916933 0.159843 -0.220056 -0.291992
1305031242.861682 -1.02246 1.26136 1.14613 0.910089 0.156649 -0.220848 -0.313728
1305031242.961731 -1.02661 1.28812 1.14381 0.903312 0.157068 -0.219515 -0.333422
1305031243.029664 -1.07938 1.265 1.14605 0.894581 0.144722 -0.217934 -0.362332
1305031243.061704 -1.09364 1.26311 1.1308 0.889274 0.1399 -0.216952 -0.37756
1305031243.093739 -1.13136 1.26313 1.14588 0.884309 0.137964 -0.212318 -0.392281
1305031243.129686 -1.12459 1.2469 1.11988 0.880152 0.135726 -0.209548 -0.403734
1305031243.161643 -1.14419 1.26586 1.14463 0.881832 0.136478 -0.203482 -0.402916
1305031243.193652 -1.13925 1.28489 1.17696 0.885399 0.142299 -0.207612 -0.39079
1305031243.229716 -1.121 1.25801 1.14213 0.890274 0.140105 -0.215075 -0.376199
1305031243.329803 -1.10868 1.23656 1.11668 0.896937 0.139109 -0.222904 -0.355622
1305031243.361686 -1.10516 1.2277 1.12601 0.90656 0.141397 -0.221676 -0.330176
1305031243.393708 -1.11749 1.26429 1.17364 0.914962 0.148115 -0.22661 -0.299257
1305031243.429782 -1.10506 1.24022 1.14765 0.919945 0.147672 -0.231823 -0.279558
1305031243.461622 -1.10209 1.23965 1.13783 0.927177 0.15052 -0.22993 -0.254596
1305031243.497629 -1.10075 1.23948 1.13641 0.933063 0.14979 -0.229516 -0.232977
1305031243.529705 -1.1039 1.24042 1.14449 0.938231 0.149556 -0.226129 -0.214989
1305031243.561795 -1.15409 1.26381 1.16604 0.944051 0.153059 -0.22125 -0.190759
1305031243.597678 -1.14276 1.26986 1.16043 0.947075 0.155414 -0.224853 -0.168335
1305031243.629640 -1.12098 1.26827 1.17098 0.951729 0.153876 -0.223832 -0.142948
1305031243.661719 -1.17786 1.27526 1.19758 0.956207 0.162695 -0.215895 -0.112194
1305031243.697682 -1.13959 1.3124 1.20145 0.957073 0.171094 -0.219554 -0.0808343
1305031243.729676 -1.14312 1.37877 1.23056 0.960526 0.176018 -0.210735 -0.0447156
1305031243.861657 -1.13053 1.31083 1.20929 0.961163 0.176413 -0.212212 -0.00332939
1305031243.897689 -1.13033 1.31179 1.21005 0.95792 0.183273 -0.217942 0.0360795
1305031243.929656 -1.08698 1.34285 1.22194 0.953086 0.188012 -0.226438 0.0707358
1305031243.961674 -1.06232 1.34759 1.22773 0.949499 0.189478 -0.229623 0.0991154
1305031243.997635 -1.01833 1.35059 1.24229 0.945392 0.192543 -0.232102 0.123654
1305031244.029557 -1.02943 1.40712 1.24532 0.941648 0.197453 -0.229738 0.146739
1305031244.197672 -1.01251 1.41299 1.2656 0.938216 0.192084 -0.232754 0.169348
1305031244.297680 -0.988545 1.44347 1.29215 0.933595 0.187339 -0.233755 0.196629
1305031244.329685 -0.95088 1.47507 1.35274 0.928842 0.182346 -0.232047 0.223956
1305031244.361665 -0.954604 1.487 1.35537 0.924945 0.176693 -0.224965 0.250295
1305031244.397615 -0.942317 1.50295 1.36213 0.918808 0.173643 -0.222007 0.276321
1305031244.429740 -0.939392 1.53789 1.37421 0.912677 0.171606 -0.21686 0.300905
1305031244.529690 -0.959489 1.5729 1.38577 0.907639 0.171195 -0.21492 0.317323
1305031244.561672 -0.96081 1.58424 1.40553 0.903427 0.165977 -0.212613 0.333267
1305031244.597700 -0.956504 1.57405 1.40545 0.898287 0.159378 -0.210988 0.350945
1305031244.629753 -0.965432 1.58891 1.40919 0.892534 0.155456 -0.21034 0.367388
1305031244.729757 -0.954688 1.57894 1.40985 0.886054 0.142277 -0.210467 0.387774
1305031244.761738 -0.937733 1.56372 1.38434 0.879 0.1336 -0.213286 0.404992
1305031244.797629 -0.921961 1.56453 1.40845 0.86945 0.12897 -0.220079 0.42307
1305031244.829660 -0.907216 1.5728 1.43109 0.861321 0.13054 -0.224173 0.436842
1305031244.897635 -0.919027 1.60778 1.42277 0.849286 0.133798 -0.227673 0.457139
1305031244.929681 -0.911925 1.61579 1.42288 0.843508 0.133988 -0.231266 0.465893
1305031244.961694 -0.921879 1.63703 1.43551 0.839278 0.134487 -0.234028 0.471972
1305031244.997688 -0.887956 1.62165 1.46905 0.835788 0.1335 -0.237024 0.476923
1305031245.029670 -0.884057 1.63315 1.40384 0.836879 0.135549 -0.238159 0.473857
1305031245.061797 -0.878698 1.61937 1.46706 0.83528 0.13357 -0.243552 0.474497
1305031245.097906 -0.874275 1.61154 1.46087 0.837184 0.138831 -0.245051 0.468826
1305031245.129925 -0.888505 1.61294 1.43004 0.840879 0.142878 -0.248404 0.459134
1305031245.161721 -0.88762 1.58878 1.45502 0.844814 0.146262 -0.25352 0.447911
1305031245.197655 -0.892671 1.5627 1.45386 0.852093 0.156842 -0.256886 0.42819
1305031245.229684 -0.903772 1.56506 1.40777 0.860898 0.167668 -0.258647 0.404776
1305031245.261749 -0.926089 1.5513 1.37657 0.869881 0.171271 -0.261102 0.381838
1305031245.297648 -0.928924 1.52131 1.45013 0.877388 0.178459 -0.266526 0.3568
1305031245.329736 -0.931498 1.51461 1.41488 0.888741 0.188778 -0.259706 0.327192
1305031245.397664 -0.919848 1.52091 1.3454 0.899362 0.189758 -0.251422 0.303195
1305031245.497697 -0.914468 1.51881 1.30704 0.907584 0.193327 -0.247025 0.279095
1305031245.529685 -0.926372 1.51749 1.27684 0.914347 0.195047 -0.246663 0.255114
1305031245.561641 -0.914365 1.51126 1.27804 0.921056 0.194626 -0.24534 0.231485
1305031245.597588 -0.926564 1.46208 1.2389 0.927981 0.194383 -0.240458 0.20796
1305031245.697808 -0.918853 1.43725 1.23117 0.933655 0.190719 -0.238487 0.187188
1305031245.797508 -0.919219 1.4415 1.23902 0.940817 0.187799 -0.228591 0.165353
1305031245.829779 -0.930481 1.4176 1.22661 0.948815 0.181797 -0.216376 0.141002
1305031245.861702 -0.945923 1.41146 1.21231 0.954667 0.178006 -0.206598 0.119336
1305031245.897684 -0.945982 1.40282 1.20017 0.959104 0.17301 -0.200299 0.100334
1305031245.997613 -0.954235 1.36304 1.18444 0.962894 0.168669 -0.195736 0.0779353
1305031246.097656 -0.967224 1.34212 1.16546 0.96292 0.175965 -0.198156 0.0505547
1305031246.197653 -1.02664 1.27684 1.13914 0.965853 0.174805 -0.189678 0.0243675
1305031246.297613 -1.01826 1.29366 1.1474 0.965268 0.183744 -0.185691 -0.00370395
1305031246.397738 -1.06162 1.29405 1.15827 0.965069 0.18939 -0.178677 -0.0291071
1305031246.429654 -1.00257 1.30319 1.17219 0.962163 0.194223 -0.183064 -0.0548364
1305031246.461755 -1.00948 1.3037 1.17012 0.960051 0.199979 -0.176356 -0.0849112
1305031246.561679 -1.06645 1.30668 1.18074 0.956696 0.207442 -0.172843 -0.108745
1305031246.597580 -1.07484 1.28391 1.1564 0.951493 0.214735 -0.172019 -0.137692
1305031246.630105 -1.06738 1.31652 1.1617 0.946889 0.222345 -0.171393 -0.15681
1305031246.661684 -1.12882 1.29724 1.15525 0.942413 0.226494 -0.167132 -0.180627
1305031246.697671 -1.11849 1.31021 1.13313 0.934255 0.23672 -0.168714 -0.206561
1305031246.729825 -1.13021 1.32017 1.1301 0.926753 0.242535 -0.168468 -0.232215
1305031246.761744 -1.17739 1.32183 1.13656 0.918649 0.250614 -0.16766 -0.255277
1305031246.797618 -1.14025 1.3376 1.08884 0.909436 0.256188 -0.171847 -0.278857
1305031246.829699 -1.14058 1.34216 1.07745 0.903549 0.252492 -0.172431 -0.300192
1305031246.861682 -1.19201 1.3247 1.08924 0.89617 0.251608 -0.170479 -0.323279
1305031246.897619 -1.20718 1.33117 1.08099 0.886589 0.256578 -0.171868 -0.344369
1305031246.929719 -1.16814 1.35256 1.04347 0.877245 0.259045 -0.177904 -0.362888
1305031246.961581 -1.14507 1.36819 1.01492 0.86994 0.252835 -0.183304 -0.381678
1305031247.061761 -1.17192 1.35222 1.00605 0.861662 0.246282 -0.186548 -0.402596
1305031247.097571 -1.20407 1.31933 0.95011 0.854417 0.240406 -0.182971 -0.422727
1305031247.129694 -1.18829 1.30727 0.910539 0.851806 0.233954 -0.181544 -0.432128
1305031247.161688 -1.19449 1.32156 0.941957 0.850207 0.232153 -0.182763 -0.435719
1305031247.197676 -1.19146 1.31109 0.922627 0.849064 0.226092 -0.185519 -0.439949
1305031247.229684 -1.24753 1.27969 0.929202 0.849096 0.222637 -0.180896 -0.443559
1305031247.261671 -1.24908 1.26787 0.906111 0.85369 0.22407 -0.180538 -0.434065
1305031247.297554 -1.24589 1.26985 0.946166 0.858974 0.226546 -0.186629 -0.419536
1305031247.329729 -1.25266 1.24574 0.920824 0.864454 0.226498 -0.193793 -0.404799
1305031247.361626 -1.24524 1.24446 0.917988 0.872332 0.228717 -0.200491 -0.38279
1305031247.397540 -1.26138 1.25253 0.959752 0.879315 0.235221 -0.210641 -0.356521
1305031247.429703 -1.24127 1.2308 0.908122 0.885028 0.234186 -0.223691 -0.334432
1305031247.461694 -1.3343 1.26446 0.925282 0.895255 0.237237 -0.220928 -0.305662
1305031247.497627 -1.32911 1.28272 0.935857 0.901991 0.242901 -0.230004 -0.272964
1305031247.529619 -1.33069 1.27601 0.924088 0.907559 0.242855 -0.237407 -0.246973
1305031247.561743 -1.3267 1.28787 0.93188 0.912385 0.248038 -0.243685 -0.215982
1305031247.597701 -1.29513 1.2943 0.9078 0.916448 0.248377 -0.250822 -0.18847
1305031247.629718 -1.22643 1.29786 0.924533 0.920361 0.246203 -0.258598 -0.15952
1305031247.661681 -1.25166 1.29997 0.9562 0.92634 0.244237 -0.257792 -0.125646
1305031247.697569 -1.25582 1.33245 0.940253 0.93026 0.245532 -0.25761 -0.0892567
1305031247.797650 -1.27018 1.31472 0.908288 0.930951 0.250882 -0.260304 -0.0512843
1305031247.829657 -1.20438 1.31768 0.930175 0.93054 0.256491 -0.260078 -0.0258489
1305031247.861688 -1.2182 1.3036 0.942753 0.934103 0.257914 -0.24684 0.00124599
1305031247.897638 -1.24041 1.3389 0.972043 0.931535 0.26949 -0.241558 0.035589
1305031247.929807 -1.182 1.37958 0.968035 0.928049 0.272598 -0.246495 0.0604651
1305031247.961700 -1.12328 1.35896 0.956263 0.927566 0.270745 -0.24386 0.082773
1305031247.997557 -1.14646 1.37545 0.967048 0.925034 0.275138 -0.23525 0.115188
1305031248.029684 -1.15699 1.39302 0.95494 0.92027 0.279905 -0.234402 0.140754
1305031248.061746 -1.08168 1.41332 0.963659 0.913972 0.281995 -0.238346 0.168298
1305031248.098179 -1.07033 1.43114 0.96611 0.908816 0.284019 -0.232102 0.198785
1305031248.129858 -1.076 1.44879 0.962058 0.901643 0.288311 -0.228712 0.227174
1305031248.161732 -1.03048 1.49875 0.976111 0.893333 0.290683 -0.230143 0.253956
1305031248.197746 -1.01654 1.5105 0.987787 0.88615 0.287771 -0.225549 0.2847
1305031248.229670 -1.03959 1.49484 0.967965 0.878746 0.285627 -0.221434 0.311754
1305031248.261691 -1.02719 1.54931 0.981653 0.867778 0.286193 -0.224379 0.338687
1305031248.297645 -0.99564 1.602 1.00693 0.859645 0.279013 -0.22568 0.363635
1305031248.329688 -0.975029 1.56679 0.986863 0.854329 0.26884 -0.222848 0.38495
1305031248.361705 -1.00756 1.56388 0.969265 0.845695 0.267423 -0.221079 0.405475
1305031248.398306 -1.00643 1.58322 0.975591 0.836491 0.263962 -0.224401 0.424559
1305031248.429690 -0.993295 1.58699 0.968929 0.827424 0.259084 -0.225825 0.444126
1305031248.461674 -0.973548 1.58539 0.972799 0.818195 0.257012 -0.226433 0.461768
1305031248.497597 -1.0002 1.61402 0.962369 0.810697 0.259312 -0.223045 0.475161
1305031248.529678 -1.01319 1.66406 1.00337 0.804194 0.256415 -0.22181 0.488183
1305031248.561680 -0.987108 1.65765 1.02057 0.797771 0.247026 -0.215108 0.506229
1305031248.597577 -1.00895 1.63218 0.996957 0.790279 0.242726 -0.206558 0.523333
1305031248.629727 -1.01524 1.63826 0.972034 0.780652 0.241678 -0.20405 0.539016
1305031248.661660 -1.03552 1.65321 0.975094 0.767807 0.240279 -0.204089 0.557752
1305031248.701134 -1.04022 1.67052 0.983071 0.754316 0.237186 -0.203757 0.577264
1305031248.729769 -1.04739 1.69153 0.979046 0.741596 0.233876 -0.203184 0.595024
1305031248.761715 -1.02488 1.70476 1.01234 0.728256 0.232587 -0.201727 0.612252
1305031248.797823 -1.08081 1.75517 1.01961 0.717411 0.233079 -0.194828 0.626928
1305031248.829728 -1.07542 1.77775 1.0496 0.708439 0.225527 -0.189419 0.641383
1305031248.861712 -1.07544 1.79645 1.07552 0.701666 0.220081 -0.180597 0.653157
1305031248.897740 -1.1057 1.81661 1.06603 0.697368 0.215377 -0.169982 0.662116
1305031248.929766 -1.0961 1.84714 1.10769 0.691496 0.207241 -0.163781 0.672354
1305031248.961755 -1.09251 1.86025 1.10977 0.685622 0.199266 -0.152627 0.683315
1305031248.997614 -1.10503 1.84506 1.08907 0.679183 0.191207 -0.14527 0.693575
1305031249.029697 -1.10387 1.8451 1.08309 0.671451 0.185776 -0.142714 0.703046
1305031249.062337 -1.11467 1.8476 1.09166 0.663406 0.181015 -0.143171 0.711778
1305031249.097689 -1.106 1.85233 1.11816 0.658392 0.177975 -0.144369 0.71694
1305031249.129781 -1.15209 1.86595 1.12169 0.655258 0.175488 -0.14368 0.720553
1305031249.161749 -1.16495 1.84696 1.09978 0.654515 0.167664 -0.14646 0.72253
1305031249.197673 -1.10362 1.83895 1.12346 0.649395 0.161744 -0.154899 0.726727
1305031249.229768 -1.12317 1.82712 1.0845 0.643695 0.162148 -0.160688 0.730441
1305031249.261609 -1.10154 1.82116 1.12842 0.635436 0.161315 -0.173123 0.735001
1305031249.297950 -1.12403 1.81916 1.13695 0.631097 0.168301 -0.178812 0.735811
1305031249.329679 -1.17268 1.83219 1.1649 0.627962 0.169963 -0.184639 0.736672
1305031249.361754 -1.1287 1.83008 1.22363 0.626243 0.167591 -0.191047 0.737044
1305031249.397737 -1.13573 1.82492 1.25482 0.633621 0.17789 -0.188866 0.728841
1305031249.429851 -1.14868 1.82294 1.24944 0.646887 0.186866 -0.183217 0.716275
1305031249.461794 -1.1714 1.81384 1.22957 0.664255 0.192836 -0.177487 0.700056
1305031249.497685 -1.15374 1.80412 1.23777 0.682675 0.196746 -0.173085 0.68212
1305031249.529692 -1.12024 1.78398 1.2265 0.70279 0.20424 -0.166914 0.66069
1305031249.561863 -1.12054 1.79194 1.1895 0.721288 0.210096 -0.161407 0.639962
1305031249.597805 -1.0956 1.75118 1.15916 0.740216 0.209355 -0.161047 0.618316
1305031249.629760 -1.08197 1.76143 1.15635 0.758909 0.217432 -0.162806 0.59184
1305031249.697653 -1.06393 1.74667 1.15383 0.78125 0.213705 -0.162932 0.563411
1305031249.761822 -1.04413 1.73126 1.13762 0.801133 0.202853 -0.154825 0.541355
1305031249.797667 -1.03484 1.69641 1.13283 0.820778 0.198744 -0.148325 0.51461
1305031249.861729 -1.01834 1.68862 1.13143 0.840235 0.188204 -0.134562 0.490385
1305031249.897548 -1.00669 1.63315 1.12055 0.856547 0.177761 -0.120333 0.469307
1305031249.929754 -0.992878 1.60634 1.12133 0.869206 0.172636 -0.108711 0.4504
1305031249.962232 -0.987562 1.588 1.11518 0.880048 0.170709 -0.0982037 0.432124
1305031249.997687 -0.975645 1.58932 1.1125 0.889321 0.1662 -0.0916375 0.416038
1305031250.030025 -0.961663 1.55478 1.1077 0.900435 0.162341 -0.0819683 0.395149
1305031250.061924 -0.987539 1.51326 1.11002 0.911943 0.166303 -0.0714531 0.368237
1305031250.097604 -1.01196 1.50227 1.11862 0.921034 0.170994 -0.0658191 0.343694
1305031250.129780 -1.09338 1.42961 1.12991 0.928455 0.173896 -0.062525 0.322216
1305031250.161809 -1.14993 1.37942 1.1278 0.935922 0.185138 -0.0688641 0.291601
1305031250.197617 -1.14024 1.38968 1.13264 0.940912 0.195415 -0.0789857 0.265063
1305031250.229670 -1.15873 1.34196 1.14918 0.946022 0.194326 -0.083855 0.245455
1305031250.261917 -1.15951 1.27728 1.14483 0.950288 0.203409 -0.0912681 0.217364
1305031250.298182 -1.14267 1.28817 1.13293 0.952782 0.21376 -0.0978532 0.192192
1305031250.329709 -1.14719 1.27017 1.11621 0.956211 0.221433 -0.100165 0.163078
1305031250.361596 -1.1096 1.26983 1.09005 0.959632 0.22554 -0.100927 0.13436
1305031250.397784 -1.0823 1.2693 1.06487 0.963284 0.226708 -0.0959868 0.107117
1305031250.429731 -1.09395 1.2888 1.08012 0.965902 0.226728 -0.0895943 0.0871868
1305031250.461779 -1.15669 1.25625 1.10939 0.968486 0.224961 -0.0846085 0.0653427
1305031250.498138 -1.15825 1.23506 1.0956 0.970288 0.223495 -0.0828204 0.0416223
1305031250.529700 -1.14617 1.23339 1.09109 0.972048 0.218692 -0.081691 0.0249687
1305031250.561819 -1.19455 1.20524 1.13267 0.973591 0.214154 -0.0782331 0.0117336
1305031250.597650 -1.21913 1.17783 1.13921 0.973988 0.212961 -0.0772771 -0.00488128
1305031250.629661 -1.22288 1.16399 1.12712 0.973797 0.213534 -0.0750288 -0.0222247
1305031250.661952 -1.24146 1.1911 1.14784 0.972953 0.215817 -0.074467 -0.035228
1305031250.697768 -1.29536 1.17349 1.16718 0.971731 0.217057 -0.0755229 -0.0540559
1305031250.729747 -1.30401 1.14219 1.1363 0.970168 0.217412 -0.0753839 -0.0763098
1305031250.761789 -1.31012 1.16122 1.13917 0.969263 0.218453 -0.0746584 -0.085046
1305031250.797838 -1.33707 1.16804 1.17135 0.968811 0.21825 -0.0780725 -0.08762
1305031250.829785 -1.37088 1.13614 1.18932 0.968096 0.218796 -0.0804546 -0.0918995
1305031250.861873 -1.37663 1.13261 1.18803 0.966573 0.22384 -0.0827735 -0.0937021
1305031250.897604 -1.37227 1.1441 1.18231 0.964481 0.230716 -0.0868306 -0.0949017
1305031250.930120 -1.35877 1.12517 1.13895 0.963935 0.230401 -0.0885909 -0.0994814
1305031250.961817 -1.37713 1.12072 1.17041 0.963966 0.233502 -0.0866533 -0.0934729
1305031250.997612 -1.37684 1.12794 1.1793 0.962714 0.240016 -0.0904162 -0.0860201
1305031251.029789 -1.3587 1.12811 1.15582 0.962575 0.240582 -0.0976022 -0.0777412
1305031251.061854 -1.35806 1.10782 1.1526 0.962902 0.241087 -0.101823 -0.0657972
1305031251.097685 -1.35154 1.09956 1.14561 0.9621 0.246757 -0.105259 -0.0489366
1305031251.129731 -1.29617 1.11644 1.11092 0.961468 0.249492 -0.111919 -0.0284019
1305031251.161699 -1.27943 1.1104 1.11256 0.961989 0.247809 -0.11475 -0.000107032
1305031251.197672 -1.25734 1.10353 1.09724 0.9606 0.249407 -0.118769 0.0306182
1305031251.229882 -1.22121 1.13947 1.08451 0.956333 0.255437 -0.127355 0.062925
1305031251.261872 -1.18839 1.14573 1.06838 0.952081 0.256489 -0.135233 0.0973037
1305031251.361831 -1.18107 1.17045 1.07449 0.946555 0.257924 -0.140655 0.133133
1305031251.397736 -1.16961 1.15949 1.06446 0.941559 0.255064 -0.146478 0.164173
1305031251.429957 -1.1217 1.16826 1.04019 0.934192 0.25398 -0.152569 0.19875
1305031251.462288 -1.11632 1.19307 1.04014 0.925699 0.252555 -0.158361 0.232851
1305031251.497761 -1.08346 1.21138 1.03858 0.916651 0.249813 -0.165531 0.264469
1305031251.529827 -1.04408 1.22658 1.03553 0.906927 0.244457 -0.170068 0.297994
1305031251.561707 -1.04081 1.21454 1.03527 0.896739 0.239535 -0.171491 0.330261
1305031251.597657 -1.0518 1.22576 1.04081 0.885609 0.236837 -0.176019 0.358639
1305031251.629778 -1.04809 1.20146 1.02438 0.872375 0.232734 -0.182057 0.389425
1305031251.698330 -1.03589 1.23113 1.03899 0.855526 0.233912 -0.197689 0.417469
1305031251.797678 -1.05449 1.24843 1.03702 0.838565 0.237189 -0.211011 0.442746
1305031251.829869 -1.02924 1.25245 1.06248 0.819761 0.237863 -0.228271 0.468301
1305031251.862143 -1.01235 1.23653 1.07052 0.800551 0.242697 -0.240462 0.492336
1305031251.897873 -1.04304 1.28764 1.07569 0.782745 0.253364 -0.249972 0.51052
1305031251.929898 -1.04898 1.34903 1.12092 0.765797 0.256115 -0.258659 0.530147
1305031251.961904 -1.04995 1.35633 1.12409 0.752613 0.254696 -0.262507 0.547535
1305031251.998343 -1.04438 1.36671 1.14027 0.738774 0.254861 -0.267281 0.563755
1305031252.029784 -1.0623 1.39143 1.14588 0.722203 0.254772 -0.269212 0.583985
1305031252.062017 -1.10685 1.42745 1.19994 0.701711 0.250148 -0.272044 0.609115
1305031252.098735 -1.10291 1.44663 1.22159 0.682307 0.240685 -0.273426 0.63385
1305031252.129719 -1.09328 1.47307 1.25336 0.662416 0.233643 -0.27538 0.65634
1305031252.161778 -1.12488 1.52158 1.3265 0.641786 0.230634 -0.272003 0.678921
1305031252.197852 -1.1731 1.57525 1.28445 0.627697 0.221764 -0.265192 0.697489
1305031252.229882 -1.18433 1.58929 1.29712 0.614226 0.203637 -0.268329 0.713624
1305031252.261747 -1.17249 1.59199 1.38419 0.599302 0.190254 -0.269441 0.729412
1305031252.297671 -1.18314 1.60786 1.35954 0.591481 0.184035 -0.263345 0.739548
1305031252.329954 -1.19064 1.62931 1.35109 0.583546 0.173794 -0.262728 0.748495
1305031252.361687 -1.17494 1.64021 1.34798 0.574178 0.163552 -0.261611 0.758373
1305031252.397494 -1.16642 1.64213 1.29069 0.56506 0.153747 -0.264674 0.76617
1305031252.429672 -1.17104 1.63815 1.34673 0.553672 0.147612 -0.270986 0.77345
1305031252.461722 -1.19075 1.6367 1.33558 0.548287 0.144981 -0.271665 0.777534
1305031252.497655 -1.189 1.63345 1.3452 0.5442 0.140715 -0.27453 0.780179
1305031252.529692 -1.17401 1.63384 1.34114 0.540016 0.139421 -0.277101 0.782406
1305031252.561862 -1.18677 1.63548 1.30439 0.533857 0.138253 -0.282525 0.784896
1305031252.597647 -1.19922 1.61234 1.38872 0.527298 0.139488 -0.289374 0.786614
1305031252.629839 -1.20836 1.60719 1.39505 0.529995 0.146352 -0.289898 0.783356
1305031252.661594 -1.22166 1.60119 1.40047 0.539859 0.155868 -0.286247 0.776093
1305031252.698012 -1.22266 1.60967 1.39621 0.560098 0.165461 -0.277055 0.762989
1305031252.831021 -1.19339 1.59513 1.39972 0.583349 0.163356 -0.272046 0.74767
1305031252.865804 -1.17977 1.59178 1.38197 0.601694 0.165865 -0.265067 0.734978
1305031252.897597 -1.16949 1.58287 1.36397 0.619287 0.168605 -0.262115 0.720661
1305031252.929687 -1.15174 1.57128 1.37554 0.639811 0.173066 -0.25986 0.702255
1305031252.965771 -1.15266 1.56228 1.35427 0.661256 0.179208 -0.254869 0.682397
1305031252.997652 -1.13919 1.55118 1.35277 0.683431 0.182696 -0.25297 0.659963
1305031253.029884 -1.14755 1.51742 1.38043 0.704307 0.184885 -0.251308 0.637663
1305031253.065901 -1.11749 1.48586 1.37614 0.722628 0.187747 -0.250069 0.616462
1305031253.097947 -1.10193 1.46653 1.38214 0.739281 0.194585 -0.247255 0.59537
1305031253.129728 -1.07372 1.41568 1.33379 0.755776 0.203429 -0.242539 0.573232
1305031253.165977 -1.09351 1.40833 1.31897 0.766457 0.217796 -0.24392 0.552822
1305031253.197610 -1.11045 1.40568 1.325 0.772031 0.223279 -0.247489 0.541169
1305031253.229906 -1.10619 1.38438 1.31353 0.773369 0.221964 -0.254998 0.536291
1305031253.265536 -1.09649 1.37109 1.3191 0.770445 0.222733 -0.267563 0.534055
1305031253.297600 -1.07563 1.36288 1.35697 0.766097 0.224056 -0.278204 0.534319
1305031253.329972 -1.03872 1.36839 1.37077 0.760866 0.226423 -0.281765 0.538911
1305031253.366257 -1.05367 1.38347 1.36939 0.75609 0.232219 -0.280672 0.543715
1305031253.397735 -1.04465 1.37804 1.37755 0.75271 0.234957 -0.28108 0.547007
1305031253.429753 -1.05191 1.38723 1.38361 0.749921 0.240192 -0.278658 0.549796
1305031253.465716 -1.07227 1.40065 1.38376 0.750402 0.243879 -0.27405 0.549833
1305031253.497697 -1.0708 1.39064 1.38133 0.751724 0.243938 -0.270866 0.549579
1305031253.529706 -1.06587 1.37651 1.37039 0.751139 0.245373 -0.267398 0.551436
1305031253.565670 -1.10447 1.38274 1.32797 0.750839 0.248035 -0.265447 0.551595
1305031253.598121 -1.1143 1.3793 1.36853 0.749536 0.247652 -0.270521 0.551074
