1305031102.175304 0.0040813 -0.0428326 -0.0561211 0.999991 0.00200568 0.00353147 0.00126452
1305031102.211214 -2.32831e-09 0 -1.11759e-08 1 0 0 0
1305031102.275326 0.000232242 0.000718834 0.134968 0.999913 -0.0116638 -0.00614069 0.00110541
1305031102.311267 0.000678452 -0.0128018 0.208023 0.999821 -0.0169132 -0.00836575 0.00168744
1305031102.343233 -0.00310792 -0.00242191 0.266115 0.999772 -0.0185543 -0.0100049 0.0035423
1305031102.375329 -0.00441602 0.00593971 0.326602 0.999716 -0.0203136 -0.011939 0.00349804
1305031102.411258 -0.0262332 0.0237519 0.368762 0.999679 -0.0215463 -0.0131513 0.00234068
1305031102.443271 -0.0287138 0.0617222 0.420109 0.999548 -0.0250402 -0.0164773 0.0022847
1305031102.475318 -0.0141222 0.0682155 0.505698 0.999281 -0.0321982 -0.0199041 0.00227205
1305031102.511219 -0.00767207 0.0694785 0.579987 0.999102 -0.0374813 -0.0197015 0.00114854
1305031102.575286 -0.00596357 0.0453634 0.719977 0.99881 -0.0456072 -0.0171541 -0.00225509
1305031102.611233 -0.0119705 0.0355578 0.78208 0.998952 -0.043499 -0.014203 -0.00126885
1305031102.675285 -0.03973 0.0928075 0.886918 0.999071 -0.0409823 -0.0132871 0.000518065
1305031102.711263 -0.0413389 0.09194 0.956481 0.999014 -0.042199 -0.0136832 0.00182716
1305031102.743234 -0.0385174 0.138353 1.01563 0.999052 -0.0410337 -0.0141389 0.00345777
1305031102.775472 -0.0281926 0.140982 1.091 0.998967 -0.0435737 -0.0128083 0.00147133
1305031102.811232 -0.0356062 0.160266 1.15188 0.998967 -0.0444798 -0.00925711 0.000524215
1305031102.843290 -0.0303636 0.164348 1.2225 0.998893 -0.0466249 -0.00619216 -0.000461767
1305031102.875363 -0.0526503 0.177543 1.27625 0.998942 -0.0458379 -0.0018981 -0.00323644
1305031102.911185 -0.0590294 0.193949 1.33295 0.998965 -0.0452446 -0.000329732 -0.00473182
1305031102.975203 -0.134741 0.196738 1.40152 0.998824 -0.0479376 -0.000907078 -0.00717782
1305031103.011215 -0.129521 0.21746 1.4639 0.998775 -0.0487011 -0.00781718 -0.00399292
1305031103.043227 -0.130859 0.235569 1.52429 0.998636 -0.050288 -0.0139818 -0.00116108
1305031103.075319 -0.0977594 0.253058 1.61035 0.998568 -0.049419 -0.0203619 0.00207309
1305031103.111240 -0.111025 0.290533 1.63065 0.998752 -0.0464196 -0.018262 0.00233744
1305031103.143318 -0.108715 0.304172 1.69265 0.998666 -0.0479751 -0.0187585 0.00363711
1305031103.175452 -0.0952288 0.332407 1.71437 0.998659 -0.0483341 -0.017838 0.00517546
1305031103.243216 -0.11314 0.365518 1.78247 0.997995 -0.0606157 -0.0155893 0.00940845
1305031103.275370 -0.136283 0.355043 1.78781 0.997222 -0.0716518 -0.0158234 0.0128318
1305031103.311210 -0.123147 0.340225 1.83672 0.996416 -0.0788813 -0.0270177 0.0142446
1305031103.343223 -0.0946157 0.36912 1.85852 0.996374 -0.076915 -0.0331143 0.0150449
1305031103.375327 -0.0734651 0.354374 1.87145 0.995879 -0.0823894 -0.0336132 0.0175533
1305031103.411260 -0.0895954 0.324356 1.85912 0.995677 -0.0855112 -0.0315041 0.0179395
1305031103.443280 -0.107064 0.31913 1.82945 0.995769 -0.0844372 -0.0320622 0.0169193
1305031103.475274 -0.0945943 0.311783 1.82959 0.995656 -0.0838239 -0.0371124 0.0162694
1305031103.511333 -0.0931652 0.293368 1.80493 0.995815 -0.081388 -0.0390536 0.0142843
1305031103.543444 -0.0918915 0.267931 1.76767 0.996076 -0.0777768 -0.0403687 0.0124403
1305031103.575474 -0.0952284 0.255694 1.71309 0.996386 -0.0729431 -0.0415325 0.0130168
1305031103.611223 -0.100694 0.23254 1.66066 0.996419 -0.0706877 -0.0441209 0.0143333
1305031103.643445 -0.0906436 0.210221 1.60812 0.996363 -0.0679989 -0.0489904 0.0153686
1305031103.675523 -0.0801616 0.189496 1.55393 0.996386 -0.0654252 -0.0518691 0.0155953
1305031103.711610 -0.0704575 0.172625 1.49407 0.996503 -0.0626331 -0.0531409 0.015344
1305031103.743326 -0.0649572 0.134012 1.43608 0.996613 -0.0613941 -0.0528419 0.0141817
1305031103.775342 -0.0575652 0.128363 1.35926 0.996911 -0.0571298 -0.0527403 0.0111255
1305031103.811242 -0.0646694 0.127597 1.27869 0.997128 -0.0559389 -0.0505127 0.00737548
1305031103.843251 -0.0959867 0.136769 1.19264 0.997226 -0.0569479 -0.047785 0.00384114
1305031103.875361 -0.0967834 0.0731167 1.14177 0.996517 -0.0659823 -0.0509846 0.00125123
1305031103.911221 -0.07986 0.022533 1.09237 0.996164 -0.0670209 -0.0562633 0.000668991
1305031103.943211 -0.0715436 0.0100797 1.01762 0.996168 -0.0644675 -0.0591035 -6.13186e-05
1305031103.975373 -0.0543375 -0.0208337 0.955435 0.996074 -0.0632656 -0.0619164 -0.000873591
1305031104.011232 -0.025305 -0.0434124 0.915107 0.996173 -0.0592236 -0.0642616 -0.0014915
1305031104.043249 0.00250842 -0.0512687 0.842418 0.996714 -0.0513038 -0.062607 -0.00312346
1305031104.075425 0.0196261 -0.055642 0.759533 0.997183 -0.0466556 -0.0584029 -0.0061555
1305031104.111235 0.0340564 -0.0853146 0.7119 0.997556 -0.0444417 -0.0534159 -0.00732841
1305031104.143230 0.0243945 -0.112734 0.627265 0.998069 -0.0401855 -0.0465793 -0.00864265
1305031104.175424 0.0213549 -0.122817 0.554695 0.998392 -0.035694 -0.0430319 -0.00941064
1305031104.211283 0.028573 -0.150856 0.488022 0.998604 -0.0323688 -0.0406898 -0.00931386
1305031104.243196 0.0301706 -0.158914 0.422485 0.998851 -0.0273423 -0.0382514 -0.00928639
1305031104.275546 0.0378394 -0.163022 0.361102 0.999049 -0.0224019 -0.036014 -0.0100674
1305031104.311219 0.046604 -0.171598 0.301535 0.999224 -0.0185614 -0.0331822 -0.0102781
1305031104.343342 0.0519994 -0.172249 0.242766 0.999403 -0.0149707 -0.0291345 -0.0109648
1305031104.375837 0.053797 -0.179453 0.186679 0.999561 -0.0132224 -0.0243226 -0.0105868
1305031104.411509 0.0367567 -0.191565 0.124696 0.999685 -0.0122211 -0.019241 -0.0105218
1305031104.443288 -0.00307353 -0.195855 0.04494 0.999764 -0.0115035 -0.0149231 -0.0108239
1305031104.475456 -0.0220738 -0.203753 -0.00224381 0.999758 -0.0119248 -0.0154118 -0.0101887
1305031104.511329 -0.0246866 -0.231256 -0.0423939 0.999724 -0.0122401 -0.0180609 -0.00873253
1305031104.543368 -0.00433461 -0.244095 -0.0836236 0.999698 -0.00927228 -0.0213874 -0.00783397
1305031104.575343 0.0381684 -0.254907 -0.0940717 0.999682 -0.00518658 -0.0239192 -0.00609808
1305031104.611336 0.0868744 -0.306783 -0.11876 0.999748 0.00182055 -0.0219153 -0.00440948
1305031104.643243 0.0923798 -0.28288 -0.177237 0.999763 0.0157294 -0.0142134 -0.00489188
1305031104.675525 0.10218 -0.319547 -0.235998 0.999656 0.0251949 -0.00622211 -0.00370074
1305031104.711277 0.0946768 -0.323517 -0.299129 0.999235 0.0390041 0.00211182 -0.00170878
1305031104.743280 0.106677 -0.313297 -0.355937 0.998576 0.052584 0.00894532 -4.8841e-05
1305031104.775327 0.106466 -0.303893 -0.408843 0.997743 0.0651069 0.0163491 0.00159229
1305031104.811465 0.122181 -0.277377 -0.457765 0.996791 0.0767198 0.0224754 0.00403296
1305031104.843258 0.114639 -0.261052 -0.498729 0.995902 0.0852467 0.0295629 0.00611006
1305031104.875350 0.0934034 -0.238609 -0.531188 0.995225 0.0912823 0.0336799 0.00781211
1305031104.911534 0.103788 -0.215357 -0.535776 0.994915 0.0941637 0.0341988 0.0103652
1305031104.943262 0.0965804 -0.202705 -0.529743 0.99476 0.0953354 0.0353885 0.0105356
1305031104.975202 0.0931471 -0.156992 -0.511088 0.994723 0.0958757 0.0346792 0.0114953
1305031105.011290 0.106678 -0.140114 -0.47846 0.995175 0.0913416 0.0335596 0.0125378
1305031105.043373 0.102099 -0.126186 -0.436271 0.995707 0.0857054 0.0331492 0.0111419
1305031105.075320 0.101673 -0.129129 -0.380828 0.996372 0.0782066 0.0321912 0.00947922
1305031105.111299 0.0831162 -0.145135 -0.325689 0.996896 0.0715066 0.031989 0.00791518
1305031105.143106 0.0577379 -0.101212 -0.269197 0.997298 0.0667733 0.0301941 0.00519881
1305031105.175159 0.0510193 -0.0700503 -0.192474 0.998135 0.0548439 0.0266792 0.00263247
1305031105.211268 0.0356442 -0.141474 -0.114761 0.998989 0.0385943 0.0230252 0.00106984
1305031105.243270 0.0174815 -0.133693 -0.0443475 0.999384 0.0301907 0.0178924 -0.000642144
1305031105.275288 -0.0107959 -0.114064 0.02756 0.999713 0.0203738 0.0124943 -0.00189117
1305031105.311290 -0.0197474 -0.12304 0.114351 0.999943 0.00933364 0.00482728 -0.00166729
1305031105.343302 -0.0140684 -0.147851 0.194924 0.999995 -0.000230917 -0.00258199 -0.00169595
1305031105.375338 -0.0165454 -0.150102 0.268528 0.99996 -0.00421235 -0.00781915 -0.000992084
1305031105.411286 -0.0322547 -0.110631 0.329266 0.999895 -0.00801278 -0.011852 -0.00232816
1305031105.443316 -0.0313242 -0.133701 0.414967 0.999728 -0.0163968 -0.0164274 -0.00232437
1305031105.475280 -0.0355527 -0.115241 0.484747 0.999624 -0.0188532 -0.0197685 -0.00218848
1305031105.511332 -0.0324404 -0.100618 0.557675 0.999468 -0.0232012 -0.0228163 -0.00212629
1305031105.543282 -0.0329202 -0.112803 0.635357 0.999312 -0.0285526 -0.0236347 -0.00092409
1305031105.575449 -0.0421279 -0.0857398 0.71804 0.999228 -0.0301693 -0.0251352 -0.000747922
1305031105.611378 -0.0318513 -0.0942981 0.802207 0.999067 -0.0338118 -0.0268763 0.000262498
1305031105.643273 -0.0464449 -0.0797976 0.869479 0.99907 -0.0339283 -0.0264362 0.00288454
1305031105.711309 0.00713497 -0.0744062 1.03897 0.998923 -0.0361607 -0.0286735 0.00471474
1305031105.743312 0.00324214 -0.0328772 1.10396 0.999157 -0.0327043 -0.0243919 0.00459653
1305031105.775339 0.0225934 -0.0375009 1.18797 0.999178 -0.0344157 -0.0209158 0.00465662
1305031105.811283 0.00990414 -0.0208707 1.25118 0.99935 -0.0324586 -0.0147836 0.00517632
1305031105.843271 0.0369673 -0.0109152 1.32246 0.999395 -0.0315686 -0.0128898 0.00688492
1305031105.875337 0.038639 0.0232877 1.38008 0.999475 -0.030285 -0.00740415 0.00884783
1305031105.911262 0.0346712 0.046408 1.45169 0.999374 -0.0327232 -0.00287208 0.0131269
1305031105.943272 0.0251032 0.0809292 1.50958 0.999307 -0.03409 0.00148805 0.0148866
1305031105.975329 0.0239687 0.099254 1.57593 0.999094 -0.0390194 0.00378469 0.0165553
1305031106.011285 0.0262686 0.123503 1.63964 0.9989 -0.0429464 0.00601803 0.0178403
1305031106.043355 0.0197881 0.138264 1.70143 0.998632 -0.0480671 0.00846123 0.0187732
1305031106.075330 0.0115167 0.158563 1.75593 0.998383 -0.0521001 0.00985162 0.0204879
1305031106.111327 -0.00174067 0.184491 1.79599 0.998083 -0.0571707 0.0110252 0.0210035
1305031106.143355 -0.0106885 0.192703 1.86019 0.997574 -0.0648847 0.00975654 0.0232481
1305031106.175534 -0.01628 0.205257 1.91198 0.997292 -0.0689006 0.00825041 0.0243732
1305031106.211275 -0.0206745 0.201985 1.96809 0.996965 -0.0733626 0.00665145 0.025191
1305031106.243267 -0.0253435 0.221641 2.00466 0.996909 -0.072901 0.00534324 0.0287946
1305031106.276385 -0.0302623 0.249374 2.03352 0.996846 -0.0734534 0.00375232 0.0298145
1305031106.311238 -0.0322404 0.264906 2.06072 0.996467 -0.0771661 0.00273519 0.0330518
1305031106.343258 -0.044564 0.301527 2.07678 0.996165 -0.0809594 0.00231222 0.0331128
1305031106.375388 -0.0296068 0.307972 2.10253 0.995593 -0.0900222 0.00109952 0.0262532
1305031106.411320 -0.02216 0.273288 2.12179 0.99486 -0.0989445 0.00568194 0.0207892
1305031106.443278 -0.0366367 0.246293 2.11498 0.994618 -0.101852 0.00958331 0.016439
1305031106.475345 -0.0603616 0.217419 2.08977 0.994488 -0.103401 0.0102156 0.014031
1305031106.511129 -0.0679553 0.189122 2.06494 0.994558 -0.103022 0.00712316 0.0138212
1305031106.543302 -0.0627095 0.181587 2.01709 0.995039 -0.0986102 0.00262529 0.012892
1305031106.575282 -0.0610002 0.167705 1.96336 0.995372 -0.0953532 0.000529709 0.0118922
1305031106.611151 -0.0650731 0.161013 1.90697 0.995481 -0.0944842 -0.00270596 0.00913769
1305031106.643207 -0.0655936 0.121809 1.85608 0.99535 -0.0959103 -0.00538752 0.00712889
1305031106.675279 -0.0674307 0.119063 1.7883 0.995663 -0.0923024 -0.00889333 0.00753401
1305031106.711508 -0.0736601 0.0910576 1.72931 0.995357 -0.0948849 -0.0144909 0.00717562
1305031106.743341 -0.0722974 0.0729575 1.65686 0.995412 -0.092955 -0.0212035 0.00798486
1305031106.775390 -0.0624268 0.055202 1.58589 0.995361 -0.0917335 -0.0278951 0.00799462
1305031106.811289 -0.0589165 0.0533599 1.50588 0.995344 -0.0905948 -0.0320233 0.00764102
1305031106.843416 -0.0537175 -0.00333084 1.44363 0.994898 -0.0938148 -0.036499 0.00662143
1305031106.875905 -0.0240865 -0.0210774 1.38177 0.995235 -0.0880059 -0.0417634 0.00433083
1305031106.911243 -0.0249066 -0.0112656 1.28036 0.995806 -0.0818949 -0.0407752 -0.000356693
1305031106.943439 -0.01668 -0.0562864 1.21622 0.99579 -0.0820508 -0.0406255 -0.0044296
1305031106.975547 -0.0103693 -0.0903416 1.14209 0.996275 -0.0765422 -0.038984 -0.0076007
1305031107.011576 -0.0192449 -0.0729731 1.01868 0.997049 -0.0673927 -0.0348851 -0.01162
1305031107.043281 -0.0272929 -0.118153 0.951298 0.996977 -0.0694631 -0.0318717 -0.0140049
1305031107.075432 -0.035455 -0.150236 0.874782 0.997286 -0.0653244 -0.0306438 -0.014656
1305031107.111229 -0.0323613 -0.153121 0.784685 0.997612 -0.0596568 -0.0312455 -0.0153283
1305031107.143260 -0.0118853 -0.153894 0.707427 0.997758 -0.057151 -0.0314323 -0.0150084
1305031107.175399 -0.00626676 -0.196493 0.653587 0.997811 -0.0562513 -0.0302824 -0.0171073
1305031107.211358 0.015128 -0.224745 0.594134 0.998119 -0.0506654 -0.0292963 -0.0182723
1305031107.243378 0.0152756 -0.218627 0.51516 0.998571 -0.0430145 -0.0255154 -0.0188151
1305031107.275398 0.0346186 -0.241632 0.463203 0.998829 -0.0382122 -0.0231609 -0.0185283
1305031107.311226 0.0420365 -0.269356 0.418673 0.999101 -0.0318242 -0.0200536 -0.0195769
1305031107.343509 0.0815456 -0.313836 0.359817 0.999394 -0.0229699 -0.0181721 -0.0188046
1305031107.375413 0.0883916 -0.291844 0.2898 0.999659 -0.0121506 -0.0128178 -0.0192206
1305031107.411271 0.0999094 -0.302161 0.252428 0.999745 -0.00634334 -0.00831776 -0.0200358
1305031107.443419 0.11341 -0.2877 0.217509 0.999796 -0.000147093 -0.00391413 -0.019817
1305031107.475377 0.125831 -0.290512 0.196566 0.999819 0.00277136 0.000542351 -0.0188198
1305031107.511352 0.121824 -0.263365 0.15907 0.999787 0.00572432 0.00533245 -0.0190979
1305031107.543605 0.141042 -0.27423 0.173355 0.999832 0.0021622 0.00713118 -0.0167457
1305031107.575454 0.150347 -0.302584 0.182055 0.999858 0.000430787 0.00935965 -0.013994
1305031107.611271 0.161938 -0.254907 0.17462 0.99986 0.00324282 0.010549 -0.0125571
1305031107.643323 0.164027 -0.259973 0.186129 0.99986 -0.000801441 0.0121627 -0.0114745
1305031107.675568 0.161726 -0.256595 0.19568 0.999854 -0.00194968 0.0128287 -0.0110759
1305031107.711307 0.157932 -0.236154 0.197743 0.999864 -0.00265368 0.0128777 -0.00999007
1305031107.743538 0.13445 -0.214925 0.207454 0.999855 -0.00520209 0.012656 -0.0101166
1305031107.775802 0.140955 -0.221693 0.218233 0.999858 -0.008602 0.00958405 -0.0108713
1305031107.811596 0.14783 -0.2061 0.238656 0.999863 -0.0101965 0.00726051 -0.0107893
1305031107.843332 0.159649 -0.203503 0.25591 0.99983 -0.0128297 0.00619818 -0.0117191
1305031107.875358 0.189149 -0.213509 0.275709 0.999774 -0.0139178 0.00605428 -0.0148632
1305031107.911541 0.201294 -0.213445 0.288463 0.999721 -0.0129435 0.00916702 -0.0175243
1305031107.943122 0.247359 -0.22276 0.30635 0.999721 -0.011703 0.0108227 -0.0174447
1305031107.975807 0.270396 -0.215199 0.319301 0.999689 -0.00853298 0.0155727 -0.0175318
1305031108.011320 0.315491 -0.208604 0.333302 0.9996 -0.00440664 0.0198123 -0.0197015
1305031108.043418 0.378307 -0.205204 0.355146 0.999496 -0.00207756 0.0258618 -0.0182691
1305031108.075352 0.434442 -0.22021 0.360037 0.999304 -0.00203841 0.0348667 -0.0130952
1305031108.111378 0.455648 -0.220853 0.374898 0.999017 0.000594845 0.0423903 -0.0129915
1305031108.143334 0.510167 -0.206347 0.392849 0.998852 0.00327266 0.0460408 -0.0128183
1305031108.176058 0.570165 -0.163222 0.410594 0.998743 0.00351642 0.0490975 -0.00951187
1305031108.211475 0.623495 -0.176205 0.438658 0.998654 -0.00233329 0.0507785 -0.0103196
1305031108.243347 0.718823 -0.204579 0.471911 0.998568 -0.0045336 0.0519619 -0.0119046
1305031108.275358 0.756087 -0.169779 0.482398 0.998266 -0.00259611 0.0575181 -0.0122176
1305031108.311332 0.77497 -0.130102 0.508516 0.998087 -0.0046251 0.0606235 -0.0111716
1305031108.343278 0.819761 -0.120095 0.533167 0.998119 -0.0101249 0.0597825 -0.00908308
1305031108.375410 0.860976 -0.113668 0.55662 0.998203 -0.0155705 0.0577606 -0.00357832
1305031108.411361 0.931924 -0.116632 0.579123 0.998349 -0.0209905 0.0533779 0.00300717
1305031108.443610 1.00396 -0.109847 0.595858 0.998299 -0.0253145 0.0515985 0.00980048
1305031108.475471 1.08064 -0.126105 0.617687 0.998172 -0.0292097 0.0501855 0.0167569
1305031108.511378 1.17179 -0.12308 0.647541 0.998008 -0.0284277 0.0518973 0.0218812
1305031108.543737 1.2188 -0.112042 0.652013 0.997722 -0.0228872 0.0602099 0.0200397
1305031108.575414 1.25981 -0.0799488 0.646618 0.997512 -0.0176368 0.0661627 0.016744
1305031108.611407 1.32282 -0.0808611 0.662089 0.997055 -0.0183722 0.0724142 0.017348
1305031108.643303 1.35989 -0.0639741 0.662945 0.996528 -0.0176255 0.0792625 0.018402
1305031108.675375 1.42893 -0.0476506 0.673387 0.995992 -0.0200055 0.0844466 0.0216596
1305031108.711411 1.4672 -0.0623645 0.684659 0.995014 -0.0250975 0.0930198 0.0257749
1305031108.743502 1.49967 -0.0724871 0.692666 0.99439 -0.0272002 0.0986474 0.0267972
1305031108.775493 1.53734 -0.0630141 0.69145 0.993894 -0.0278753 0.102678 0.0292411
1305031108.811244 1.5502 -0.0720673 0.698769 0.993259 -0.0299475 0.106765 0.0337777
1305031108.843264 1.55851 -0.0806609 0.705386 0.99295 -0.0292916 0.107759 0.0397528
1305031108.876515 1.56109 -0.0778089 0.696134 0.993019 -0.0270425 0.105396 0.0455495
1305031108.911364 1.56819 -0.108585 0.688487 0.99313 -0.0257822 0.102004 0.0512233
1305031108.943243 1.5441 -0.124384 0.678243 0.993417 -0.0214085 0.0996856 0.0522192
1305031108.975268 1.52588 -0.0864938 0.648914 0.994215 -0.0154494 0.0936031 0.0503604
1305031109.011269 1.54127 -0.0848961 0.63742 0.994733 -0.0158038 0.0879094 0.0502815
1305031109.043277 1.49414 -0.0969063 0.629877 0.994864 -0.0156304 0.0880371 0.047437
1305031109.075410 1.45571 -0.0634091 0.608587 0.99536 -0.0153266 0.0851179 0.0421613
1305031109.111282 1.42484 -0.0743849 0.613805 0.995536 -0.0197521 0.0832006 0.0399343
1305031109.143334 1.32818 -0.102276 0.621415 0.995608 -0.0220901 0.08335 0.0364518
1305031109.175464 1.2812 -0.0735734 0.613238 0.99631 -0.0205167 0.0762146 0.0337225
1305031109.211379 1.22999 -0.0337647 0.612633 0.996516 -0.0232903 0.0715493 0.0359812
1305031109.243290 1.17735 -0.0509406 0.618378 0.996215 -0.0330789 0.0686644 0.0417876
1305031109.275308 1.10061 -0.0881679 0.625513 0.99604 -0.0371573 0.0654453 0.0473294
1305031109.311329 1.04428 -0.0683441 0.601041 0.996712 -0.0335703 0.0555905 0.0484596
1305031109.343248 0.968955 -0.0441505 0.59088 0.997173 -0.0348609 0.0465558 0.0475666
1305031109.375397 0.918421 -0.0589168 0.608577 0.997409 -0.0383304 0.0372896 0.0481273
1305031109.411329 0.867553 -0.0396497 0.598736 0.9979 -0.0374472 0.0289188 0.0442282
1305031109.443302 0.805628 -0.0369311 0.600657 0.998118 -0.0412138 0.0235934 0.0388101
1305031109.475363 0.750234 -0.0558491 0.608687 0.99813 -0.0450639 0.0205811 0.0358206
1305031109.511273 0.678723 -0.0767415 0.608702 0.998266 -0.0457868 0.0188365 0.0318453
1305031109.543294 0.617716 -0.0663345 0.595559 0.99853 -0.0422772 0.0168365 0.0294478
1305031109.575362 0.546242 -0.0643234 0.581129 0.998555 -0.0419426 0.0169634 0.0289878
1305031109.611310 0.476948 -0.062072 0.568634 0.998639 -0.0420026 0.015554 0.0267056
1305031109.643229 0.425216 -0.062771 0.562684 0.998676 -0.0425459 0.0137895 0.0254015
1305031109.675263 0.344167 -0.0438865 0.557683 0.998526 -0.0440254 0.0142758 0.0283623
1305031109.711312 0.281376 -0.034083 0.538214 0.998471 -0.0464236 0.0111372 0.0278667
1305031109.743274 0.228448 -0.0404368 0.551927 0.998264 -0.0516578 0.00717071 0.0273794
1305031109.775277 0.180854 -0.0434761 0.576364 0.998099 -0.0548654 0.00421062 0.0277476
1305031109.811371 0.0992969 -0.0298199 0.567196 0.99804 -0.0563049 0.00441835 0.0269588
1305031109.843296 0.0302071 -0.0277262 0.580353 0.997864 -0.059739 0.00192179 0.0263677
1305031109.875306 -0.0424095 -0.039279 0.584704 0.99761 -0.0644718 -0.00112003 0.0248337
1305031109.911265 -0.118898 -0.0543602 0.609894 0.997562 -0.066553 -0.00638192 0.0199819
1305031109.943299 -0.17976 -0.00314368 0.611916 0.997681 -0.0654279 -0.00990738 0.0159188
1305031109.975258 -0.244643 -0.0193804 0.639864 0.997323 -0.0711439 -0.0125869 0.0112968
1305031110.011256 -0.311884 -0.00902078 0.656474 0.997218 -0.0728531 -0.0150979 0.00460221
1305031110.043299 -0.365632 -0.0137502 0.676863 0.996963 -0.0759253 -0.0171908 -0.00227287
1305031110.075319 -0.442227 0.00268712 0.688612 0.996835 -0.0773593 -0.0167996 -0.00731589
1305031110.111325 -0.52434 -0.00534869 0.700955 0.996346 -0.082764 -0.0173346 -0.0120224
1305031110.143432 -0.581204 -0.0392409 0.719691 0.995936 -0.0861382 -0.0215317 -0.0151106
1305031110.175641 -0.63028 0.000103235 0.721653 0.995873 -0.0855398 -0.0256676 -0.0161617
1305031110.211637 -0.685456 -0.023709 0.738225 0.995277 -0.0909812 -0.0290151 -0.0174336
1305031110.243323 -0.739527 -0.0395929 0.752214 0.995032 -0.0923427 -0.0333992 -0.0163746
1305031110.279321 -0.766913 -0.032607 0.765207 0.995027 -0.0900495 -0.0391916 -0.0166462
1305031110.311404 -0.829264 -0.0300839 0.755997 0.995141 -0.0872619 -0.0418027 -0.0182075
1305031110.343355 -0.883757 -0.0175144 0.74737 0.995068 -0.0856172 -0.0464355 -0.018788
1305031110.379281 -0.94297 -0.019046 0.743543 0.994803 -0.084804 -0.0518617 -0.0220477
1305031110.411469 -1.00775 0.017596 0.728123 0.994637 -0.0823664 -0.0575715 -0.0244464
1305031110.443260 -1.04648 0.00912796 0.71306 0.993646 -0.087831 -0.0647178 -0.0276721
1305031110.479331 -1.11001 -0.00814657 0.728591 0.99266 -0.0915868 -0.07166 -0.0332108
1305031110.511429 -1.15859 -0.00285056 0.735301 0.991889 -0.0917866 -0.0800545 -0.0363792
1305031110.543408 -1.20265 0.0336362 0.72974 0.991218 -0.0912585 -0.0873275 -0.039147
1305031110.579426 -1.23642 0.0483421 0.736034 0.989966 -0.0953728 -0.0948495 -0.0432959
1305031110.611307 -1.25921 0.0223835 0.774792 0.988661 -0.101106 -0.10098 -0.0461518
1305031110.643418 -1.28985 0.020945 0.783506 0.988384 -0.0992686 -0.104434 -0.0483297
1305031110.679606 -1.31638 0.0735057 0.769608 0.988302 -0.0959754 -0.10749 -0.0499444
1305031110.711412 -1.3506 0.0498026 0.784988 0.987489 -0.101311 -0.109393 -0.0513362
1305031110.743249 -1.38191 0.0447595 0.787204 0.987182 -0.101841 -0.110873 -0.0529794
1305031110.779193 -1.38489 0.0563585 0.784703 0.986932 -0.101011 -0.113752 -0.053127
1305031110.811386 -1.39842 0.0582062 0.781023 0.986715 -0.10164 -0.114179 -0.0550029
1305031110.843218 -1.4246 0.0556099 0.786086 0.98627 -0.103486 -0.115243 -0.0572803
1305031110.879313 -1.41192 0.0589987 0.791708 0.985947 -0.103124 -0.1184 -0.0570481
1305031110.911333 -1.40455 0.0593327 0.789055 0.985675 -0.103896 -0.119905 -0.0572124
1305031110.943862 -1.36784 0.0664893 0.802944 0.985193 -0.103268 -0.124132 -0.0576394
1305031110.979345 -1.30221 0.0764683 0.802419 0.984982 -0.102838 -0.1262 -0.0575116
1305031111.011431 -1.25509 0.05612 0.815513 0.985086 -0.10613 -0.122834 -0.057035
1305031111.043327 -1.2393 0.0541332 0.808038 0.986108 -0.105512 -0.115735 -0.0553537
1305031111.079283 -1.22006 0.0693653 0.801226 0.986568 -0.10666 -0.11153 -0.0535578
1305031111.111508 -1.16698 0.0460779 0.819559 0.986557 -0.109692 -0.110244 -0.0501962
1305031111.143257 -1.12117 0.0359667 0.824593 0.986997 -0.108446 -0.107809 -0.0495276
1305031111.179326 -1.03623 0.044828 0.835759 0.987512 -0.105241 -0.10639 -0.0492488
1305031111.211433 -1.00128 0.0456831 0.818768 0.988858 -0.1036 -0.0963489 -0.0462896
1305031111.243236 -0.996941 0.0178487 0.812657 0.989259 -0.104766 -0.0903932 -0.0471149
1305031111.279308 -0.912389 0.00590787 0.842506 0.989676 -0.101203 -0.0908132 -0.0453063
1305031111.311547 -0.906685 0.0442301 0.80035 0.991212 -0.0951182 -0.0815874 -0.0423755
1305031111.343397 -0.924698 0.0838392 0.794673 0.9913 -0.0953537 -0.0789898 -0.0446401
1305031111.379134 -0.825837 0.0234962 0.827326 0.990751 -0.0985187 -0.0838791 -0.0408824
1305031111.411296 -0.801925 0.0715903 0.800058 0.991659 -0.0898869 -0.0825746 -0.0414038
1305031111.443386 -0.681186 0.0504674 0.82267 0.990511 -0.0919039 -0.0920113 -0.0444407
1305031111.479259 -0.491181 0.00738994 0.876814 0.990349 -0.0914688 -0.0948033 -0.0430641
1305031111.511264 -0.460626 0.00279624 0.852232 0.991897 -0.0873553 -0.0812139 -0.0437514
1305031111.543250 -0.400667 -0.00681226 0.866189 0.992798 -0.0837877 -0.0741214 -0.0428642
1305031111.579237 -0.349902 0.0124598 0.838636 0.994161 -0.0787777 -0.0632803 -0.0378726
1305031111.611271 -0.365019 -0.00660994 0.804649 0.99478 -0.0808085 -0.0528086 -0.0330684
1305031111.643395 -0.2277 -0.0628227 0.860139 0.994642 -0.0811151 -0.0588352 -0.0254017
1305031111.679320 -0.129004 -0.0133955 0.842618 0.995801 -0.0728513 -0.0524866 -0.0178219
1305031111.711760 -0.058875 -0.0176048 0.852329 0.996214 -0.0728091 -0.0443679 -0.0169854
1305031111.743386 0.0797753 -0.0132538 0.912388 0.996866 -0.0681609 -0.0380264 -0.0128592
1305031111.779423 0.133846 0.00441983 0.883543 0.997747 -0.0637169 -0.018336 -0.0102044
1305031111.811406 0.152248 -0.0136549 0.871546 0.998004 -0.0623659 -0.00119176 -0.00983703
1305031111.843299 0.193905 0.00195936 0.85558 0.998251 -0.0575937 0.0101969 -0.00862144
1305031111.879442 0.196938 -0.00930965 0.817268 0.998014 -0.0587653 0.0219634 -0.00567153
1305031111.911354 0.216172 -0.0438773 0.81986 0.997907 -0.0599869 0.0241545 -0.000576264
1305031111.943300 0.309958 -0.0274697 0.822047 0.99817 -0.0568135 0.0186765 0.00890922
1305031111.979449 0.440055 -0.00277392 0.847426 0.998255 -0.0542335 0.0166264 0.0164126
1305031112.011433 0.513815 -0.00274997 0.85543 0.998227 -0.0522082 0.0237564 0.0158845
1305031112.043270 0.58177 0.00585206 0.851903 0.998269 -0.0476496 0.031958 0.0128935
1305031112.079339 0.643286 0.00716241 0.857661 0.997933 -0.0453407 0.0441388 0.0111983
1305031112.111423 0.632743 0.00682374 0.828162 0.997436 -0.0424869 0.0573464 0.00525291
1305031112.144342 0.731637 0.0246564 0.838689 0.997369 -0.0409437 0.0598199 -0.0010675
1305031112.179390 0.797069 0.0298216 0.839059 0.996428 -0.0427899 0.0726441 -0.00476005
1305031112.211254 0.844356 -0.000551006 0.860485 0.995466 -0.0447357 0.0833766 -0.00973447
1305031112.243369 0.903486 -0.021735 0.87436 0.994777 -0.0399921 0.0927853 -0.0144691
1305031112.279353 0.919664 -0.0149966 0.877903 0.994096 -0.0340356 0.101391 -0.01828
1305031112.311312 0.963798 -0.0380534 0.888719 0.993953 -0.0292223 0.10386 -0.0204265
1305031112.343323 1.02116 -0.0182657 0.880781 0.994189 -0.0207935 0.103958 -0.0186586
1305031112.379360 1.06162 -0.0140014 0.880922 0.994383 -0.0163946 0.103438 -0.0153241
1305031112.411442 1.14423 0.00161012 0.867726 0.994913 -0.0125536 0.0994454 -0.010073
1305031112.443391 1.20888 -0.0182155 0.865861 0.995089 -0.0113532 0.0982718 -0.00353926
1305031112.479418 1.24364 -0.00402907 0.862942 0.995152 -0.00688479 0.0979355 0.00575112
1305031112.511504 1.28958 -0.0106619 0.85889 0.995437 -0.00495656 0.0943744 0.0132244
1305031112.543212 1.35068 -0.0122921 0.852043 0.995769 -0.00230671 0.0901668 0.0175665
1305031112.579252 1.39555 -0.00164646 0.846799 0.995915 0.000465286 0.0871865 0.0234806
1305031112.611261 1.49757 0.0294123 0.840176 0.995988 0.00269254 0.0838736 0.0310779
1305031112.643246 1.53725 0.0284565 0.846395 0.995189 -0.000326751 0.0903807 0.0378164
1305031112.679952 1.55742 0.0269359 0.870909 0.9944 -0.00233086 0.0973506 0.0410703
1305031112.711251 1.56872 0.0400984 0.872943 0.993873 -0.00361413 0.101917 0.0426161
1305031112.743245 1.57876 0.0939135 0.872529 0.993324 -0.00532562 0.105477 0.0464133
1305031112.779310 1.57841 0.0797467 0.886135 0.992665 -0.0138765 0.109532 0.0492619
1305031112.811310 1.51287 0.0523747 0.909092 0.992287 -0.0172924 0.113199 0.047479
1305031112.843286 1.50698 0.0879301 0.908185 0.993025 -0.0177227 0.107086 0.0460315
1305031112.879421 1.51118 0.0843058 0.911065 0.993241 -0.0217001 0.103037 0.0488266
1305031112.911411 1.45782 0.0779138 0.922233 0.993178 -0.0250208 0.101989 0.050699
1305031112.943321 1.42726 0.066829 0.924221 0.993674 -0.0275982 0.0966578 0.0500806
1305031112.979278 1.40664 0.0666488 0.926955 0.994372 -0.0282172 0.0901451 0.0479742
1305031113.011353 1.3804 0.0869197 0.918493 0.994689 -0.0286609 0.086499 0.0478541
1305031113.043231 1.33216 0.0714974 0.918289 0.994715 -0.0341307 0.0854792 0.045509
1305031113.079251 1.25789 0.0137444 0.918988 0.99487 -0.0381382 0.0845626 0.0403618
1305031113.111316 1.20596 0.0328773 0.901116 0.995651 -0.0344131 0.0790839 0.0352099
1305031113.143306 1.1684 0.0596321 0.89309 0.995916 -0.035457 0.0754842 0.0345829
1305031113.179343 1.10641 0.0212723 0.890966 0.995739 -0.040365 0.0743036 0.0367858
1305031113.211259 1.03233 0.0189544 0.870988 0.996098 -0.0384185 0.0696911 0.0381578
1305031113.243227 0.969884 0.0373584 0.861288 0.996514 -0.039226 0.0625731 0.0388061
1305031113.279312 0.910798 0.00107243 0.874536 0.996578 -0.0434174 0.0566003 0.0417556
1305031113.311452 0.82874 -0.0274833 0.864372 0.996864 -0.0399106 0.0506317 0.0458814
1305031113.343252 0.777249 -0.0182091 0.831625 0.997688 -0.0346789 0.0384988 0.0439648
1305031113.379312 0.69908 -0.0100692 0.840132 0.997972 -0.0372199 0.0298407 0.0421528
1305031113.411625 0.639012 -0.0299516 0.864256 0.998125 -0.0371446 0.0214742 0.0436514
1305031113.443266 0.553526 0.00275934 0.85259 0.998638 -0.0331649 0.0149164 0.0374227
1305031113.479311 0.464607 0.00870001 0.860173 0.998797 -0.036143 0.0083642 0.0320736
1305031113.511523 0.391624 -0.0156208 0.878679 0.998652 -0.0416978 0.0018403 0.0308429
1305031113.543242 0.321048 -0.0293655 0.891421 0.998623 -0.0440001 -0.00488009 0.0281555
1305031113.579301 0.247609 -0.00579822 0.88746 0.998781 -0.0422822 -0.0100848 0.0234022
1305031113.611268 0.187593 -0.0069835 0.9006 0.998705 -0.0450756 -0.0141642 0.0188631
1305031113.643222 0.126979 -0.00113759 0.916764 0.998644 -0.0472274 -0.015576 0.0154003
1305031113.679288 0.0515862 -0.00740849 0.917499 0.998645 -0.0485169 -0.0146582 0.0117854
1305031113.711931 -0.00611572 -0.0160041 0.928077 0.99865 -0.0491654 -0.0151538 0.00710211
1305031113.743590 -0.0658766 -0.00959394 0.927365 0.998759 -0.048005 -0.0131233 0.00184985
1305031113.779320 -0.149687 -0.0214663 0.930838 0.998814 -0.0476526 -0.00968479 -0.00253994
1305031113.811237 -0.211073 -0.0118626 0.932984 0.998886 -0.0460909 -0.00918467 -0.00430977
1305031113.843295 -0.277873 0.000624427 0.932873 0.998879 -0.0461191 -0.00705242 -0.00805763
1305031113.879281 -0.381028 -0.0442238 0.948699 0.998781 -0.0473737 -0.00459706 -0.0130941
1305031113.911290 -0.433424 -0.011131 0.945984 0.999002 -0.0420806 -0.0067093 -0.0134233
1305031113.943291 -0.48494 -0.0150864 0.957568 0.999062 -0.0400512 -0.00568128 -0.0154522
1305031113.979293 -0.564636 -0.0138337 0.952344 0.999108 -0.036635 -0.00308194 -0.0207619
1305031114.011257 -0.65356 -0.000251833 0.945046 0.999125 -0.0326162 -0.000998487 -0.026166
1305031114.043301 -0.759249 -0.00672296 0.941869 0.999087 -0.0316267 -0.00150224 -0.0286979
1305031114.079285 -0.838237 -0.00787885 0.943399 0.999132 -0.0292781 -0.00635902 -0.0289551
1305031114.111263 -0.89661 0.0343722 0.950997 0.999119 -0.0243205 -0.0128076 -0.0317142
1305031114.143284 -0.948389 0.0355046 0.967278 0.99894 -0.0244508 -0.0190049 -0.0340625
1305031114.179337 -0.984992 0.0132495 0.983995 0.998814 -0.0232983 -0.0233963 -0.0357777
1305031114.211303 -1.05599 0.0677661 0.965352 0.998832 -0.0182814 -0.0228359 -0.0384643
1305031114.243337 -1.14693 0.0546377 0.977113 0.998569 -0.021521 -0.0240661 -0.0426266
1305031114.279390 -1.23731 0.0576803 0.978375 0.998384 -0.021156 -0.0284748 -0.0443954
1305031114.311429 -1.2814 0.0678183 0.987117 0.99808 -0.0218779 -0.0378348 -0.0438974
1305031114.343331 -1.29169 0.0720938 1.01497 0.997584 -0.0225291 -0.0472016 -0.0457325
1305031114.379320 -1.33378 0.067982 1.02649 0.997264 -0.022611 -0.0500746 -0.0494584
1305031114.411397 -1.40867 0.0770414 1.03179 0.997035 -0.0209236 -0.0503721 -0.0542834
1305031114.443345 -1.47734 0.0788521 1.02665 0.996783 -0.0211477 -0.0535322 -0.0557643
1305031114.479332 -1.54327 0.0736712 1.03478 0.99637 -0.0217524 -0.0596304 -0.0567344
1305031114.511266 -1.5665 0.0795141 1.031 0.995696 -0.0219592 -0.0690643 -0.0577633
1305031114.543236 -1.56459 0.0614383 1.04781 0.995212 -0.0260974 -0.0757479 -0.0559768
1305031114.579237 -1.59076 0.0517234 1.05486 0.995304 -0.0278278 -0.0764844 -0.0523986
1305031114.611391 -1.61327 0.0717149 1.05907 0.995334 -0.0289682 -0.0774712 -0.049695
1305031114.644136 -1.66897 0.0640706 1.06912 0.995123 -0.0342622 -0.0779081 -0.0498664
1305031114.679251 -1.69256 0.0515074 1.08491 0.994474 -0.0375717 -0.084224 -0.0501553
1305031114.711306 -1.67693 0.0260693 1.09031 0.993856 -0.0396698 -0.0911004 -0.0487652
1305031114.743200 -1.67476 0.0173225 1.09146 0.993338 -0.0390868 -0.0951252 -0.0519931
1305031114.779289 -1.65657 0.0187888 1.08412 0.992977 -0.0367304 -0.0981775 -0.0548445
1305031114.811303 -1.64464 0.0338412 1.06989 0.992972 -0.0358193 -0.0984194 -0.0551133
1305031114.843208 -1.6376 0.0306052 1.07246 0.992701 -0.036136 -0.0994357 -0.0578836
1305031114.879281 -1.61713 0.0522461 1.06774 0.992714 -0.035314 -0.100005 -0.0571985
1305031114.912879 -1.59091 0.0605247 1.06009 0.99258 -0.0361593 -0.100963 -0.0573049
1305031114.943234 -1.53704 0.0794899 1.07032 0.992254 -0.0376931 -0.102849 -0.0585948
1305031114.979280 -1.51196 0.0934545 1.07243 0.992414 -0.0393732 -0.100061 -0.0596036
1305031115.011300 -1.46346 0.116411 1.07718 0.992241 -0.0426639 -0.100013 -0.0602873
1305031115.043508 -1.40535 0.09007 1.09904 0.992063 -0.0482727 -0.0990173 -0.0606272
1305031115.079238 -1.35069 0.11604 1.10075 0.992289 -0.048177 -0.0965007 -0.0610678
1305031115.111230 -1.25829 0.10647 1.12446 0.992324 -0.052538 -0.0947926 -0.0595601
1305031115.143275 -1.21956 0.0854039 1.13087 0.99319 -0.0556404 -0.0844247 -0.057884
1305031115.179440 -1.20126 0.0986795 1.1322 0.993669 -0.0563859 -0.0782326 -0.0576351
1305031115.211374 -1.10374 0.0508501 1.16949 0.993599 -0.0601548 -0.0786189 -0.0544171
1305031115.243297 -1.04331 0.0284366 1.17157 0.994384 -0.0570786 -0.0725713 -0.0517224
1305031115.279966 -0.976052 0.0833099 1.18046 0.995069 -0.0523144 -0.0696867 -0.0473852
1305031115.311704 -0.839985 0.0322065 1.23021 0.995199 -0.0559013 -0.0692006 -0.0407991
1305031115.343235 -0.774305 0.0644208 1.21926 0.996275 -0.0496319 -0.0591252 -0.0384384
1305031115.379166 -0.805465 0.110636 1.18856 0.996826 -0.051453 -0.0485941 -0.0364637
1305031115.411237 -0.713647 0.0854257 1.22625 0.996082 -0.0594768 -0.056678 -0.0327171
1305031115.443159 -0.586111 0.0869164 1.25624 0.995798 -0.0627927 -0.0613808 -0.0259898
1305031115.479241 -0.515966 0.0937914 1.26774 0.995718 -0.0668368 -0.060355 -0.0208865
1305031115.511253 -0.350795 0.0954958 1.35085 0.995352 -0.0695626 -0.0647157 -0.0157098
1305031115.543604 -0.253316 0.0930054 1.36533 0.996197 -0.069218 -0.051895 -0.0103645
1305031115.579315 -0.198876 0.0960955 1.35971 0.996962 -0.0679331 -0.0376604 -0.00578572
1305031115.611424 -0.130142 0.0965585 1.36267 0.997302 -0.0668208 -0.0303758 -0.000771368
1305031115.643254 -0.0543453 0.0833509 1.35307 0.997542 -0.0659846 -0.0226721 0.00654324
1305031115.679241 -0.0269655 0.0556319 1.31675 0.997596 -0.0658749 -0.0151054 0.0153436
1305031115.711320 0.0944021 0.088043 1.32528 0.997525 -0.0631477 -0.0179895 0.0251378
1305031115.743250 0.222789 0.093469 1.35385 0.997411 -0.0628529 -0.0141689 0.031951
1305031115.779425 0.300054 0.0913967 1.34378 0.997425 -0.0607547 -0.00430084 0.0378606
1305031115.811277 0.367762 0.105539 1.31825 0.997185 -0.0595169 0.00669485 0.0451161
1305031115.843224 0.443376 0.0883454 1.31246 0.996515 -0.0631175 0.0171186 0.0517786
1305031115.879198 0.471734 0.0558586 1.29494 0.995778 -0.0642279 0.0274085 0.059575
1305031115.911118 0.559921 0.0814276 1.28953 0.995598 -0.0605219 0.0297753 0.0650774
1305031115.943311 0.634985 0.0890957 1.28993 0.994909 -0.0612657 0.0363704 0.0712739
1305031115.980740 0.691814 0.109227 1.29285 0.994247 -0.0614658 0.0431406 0.0763793
1305031116.011379 0.808312 0.128078 1.30839 0.993576 -0.0634868 0.048896 0.0799082
1305031116.043164 0.859601 0.133401 1.31468 0.99249 -0.0665289 0.0628457 0.0811626
1305031116.080030 0.87222 0.160015 1.32024 0.991083 -0.069446 0.0769235 0.0837569
1305031116.111300 0.923094 0.156236 1.3396 0.989348 -0.0768865 0.0879285 0.0868772
1305031116.143441 0.94284 0.140658 1.36112 0.987671 -0.0820522 0.0995235 0.0887017
1305031116.179572 0.986313 0.154188 1.36659 0.986688 -0.0834343 0.105607 0.0912876
1305031116.211299 1.0388 0.153235 1.37995 0.985336 -0.0882456 0.111458 0.0943555
1305031116.243320 1.10516 0.12241 1.39408 0.98389 -0.0933965 0.117133 0.0975603
1305031116.279385 1.14456 0.144494 1.38837 0.982556 -0.0915071 0.127124 0.100248
1305031116.311336 1.17149 0.150516 1.38538 0.980686 -0.0938568 0.136932 0.103421
1305031116.343292 1.19822 0.0938579 1.39866 0.978769 -0.0993425 0.144117 0.106645
1305031116.379384 1.20743 0.0821355 1.39334 0.978623 -0.0946186 0.148521 0.106232
1305031116.411333 1.19092 0.130286 1.36861 0.978463 -0.0861222 0.152516 0.109231
1305031116.443369 1.19922 0.137632 1.35629 0.97692 -0.0880094 0.154468 0.118414
1305031116.479850 1.20687 0.104189 1.35176 0.976078 -0.0904621 0.155197 0.122481
1305031116.511205 1.17767 0.107379 1.34415 0.976838 -0.0879397 0.155425 0.117888
1305031116.543262 1.13961 0.115184 1.33388 0.977616 -0.0847933 0.156006 0.112871
1305031116.579313 1.07604 0.129382 1.33556 0.977941 -0.0838302 0.156291 0.110351
1305031116.611261 1.00593 0.0992197 1.34163 0.979018 -0.0858736 0.15264 0.104168
1305031116.643355 0.943316 0.110709 1.33145 0.981313 -0.0832979 0.144613 0.0957794
1305031116.679281 0.887905 0.113519 1.3294 0.983256 -0.0829637 0.136608 0.0875392
1305031116.711634 0.823427 0.122921 1.31644 0.98492 -0.0818214 0.13097 0.0780055
1305031116.743291 0.744091 0.127683 1.3116 0.986206 -0.0832483 0.126309 0.0671813
1305031116.779298 0.671348 0.125947 1.3137 0.987208 -0.0860127 0.121441 0.0572174
1305031116.811318 0.578273 0.107439 1.32091 0.987898 -0.0872361 0.118487 0.049081
1305031116.846089 0.469714 0.124431 1.31056 0.989369 -0.0840354 0.1112 0.0414894
1305031116.880165 0.390692 0.126722 1.30923 0.990649 -0.0853836 0.100181 0.0358996
1305031116.912044 0.295106 0.111681 1.3104 0.991714 -0.0864137 0.0896075 0.0317364
1305031116.943296 0.224501 0.131734 1.30201 0.993184 -0.0859576 0.0745897 0.025145
1305031116.979351 0.142346 0.132849 1.31471 0.994291 -0.085574 0.0618855 0.0152322
1305031117.011382 0.0584607 0.141876 1.30787 0.995236 -0.0836323 0.0496719 0.00658129
1305031117.043261 -0.0140744 0.163702 1.302 0.995791 -0.0829232 0.0390392 0.0009144
1305031117.079520 -0.0766271 0.184571 1.31148 0.996049 -0.084217 0.0279089 -0.00388597
1305031117.111238 -0.129159 0.183351 1.31941 0.996074 -0.0870526 0.0155298 -0.00408986
1305031117.143218 -0.176263 0.2177 1.32477 0.996145 -0.087509 0.00398962 -0.00458861
1305031117.179264 -0.215879 0.230181 1.34442 0.995869 -0.0900925 -0.00601621 -0.00956151
1305031117.211361 -0.248196 0.247081 1.36478 0.995683 -0.0909999 -0.0133766 -0.0124641
1305031117.243277 -0.249802 0.278808 1.37518 0.995436 -0.0927403 -0.0174405 -0.0142256
1305031117.279299 -0.24286 0.263393 1.40295 0.994766 -0.0987948 -0.0188343 -0.0180377
1305031117.311200 -0.265809 0.241104 1.41093 0.994281 -0.103681 -0.0164906 -0.0195896
1305031117.343243 -0.280405 0.223139 1.42213 0.994034 -0.105852 -0.016552 -0.0204542
1305031117.379454 -0.290419 0.207406 1.4323 0.994076 -0.10543 -0.0165675 -0.0205561
1305031117.411221 -0.297088 0.161838 1.42848 0.993988 -0.106201 -0.0178931 -0.0197038
1305031117.443274 -0.294913 0.158046 1.42954 0.994396 -0.10213 -0.0200111 -0.0186127
1305031117.479403 -0.306094 0.138241 1.43901 0.994622 -0.100121 -0.0205119 -0.0167835
1305031117.511325 -0.307061 0.0788225 1.43743 0.994737 -0.0988247 -0.0218651 -0.0159123
1305031117.544285 -0.314247 0.0635019 1.42795 0.995296 -0.0929998 -0.0221478 -0.0156916
1305031117.579155 -0.32199 0.0373138 1.42854 0.995528 -0.0898337 -0.0235391 -0.0172932
1305031117.611159 -0.325366 0.00857826 1.44205 0.995618 -0.0885474 -0.0252181 -0.0163825
1305031117.643252 -0.328678 -0.0336875 1.45151 0.995689 -0.087388 -0.0271683 -0.0150898
1305031117.679262 -0.33297 -0.0598403 1.45985 0.995692 -0.0866309 -0.0297044 -0.014474
1305031117.711184 -0.320725 -0.112259 1.48959 0.99547 -0.0882877 -0.0333464 -0.0115363
1305031117.743184 -0.320258 -0.159276 1.51118 0.995414 -0.0884576 -0.0354859 -0.00816212
1305031117.779467 -0.319281 -0.193043 1.52121 0.995396 -0.0878002 -0.0379284 -0.0062129
1305031117.811320 -0.301936 -0.256191 1.56356 0.995048 -0.0903053 -0.0413767 -0.0034335
1305031117.843291 -0.266057 -0.294001 1.59753 0.995186 -0.0876556 -0.0438061 -0.0016961
1305031117.879451 -0.275473 -0.333034 1.60909 0.995499 -0.0859487 -0.0398593 -0.0025244
1305031117.911407 -0.28515 -0.395804 1.63362 0.995534 -0.0865704 -0.0375383 -0.0030368
1305031117.943253 -0.275955 -0.419319 1.6535 0.995791 -0.0840243 -0.0365228 -0.00264722
1305031117.979228 -0.307592 -0.459889 1.66843 0.995801 -0.0854503 -0.0325804 -0.00414677
1305031118.011228 -0.298754 -0.529099 1.71835 0.995467 -0.0890056 -0.0332939 -0.00395794
1305031118.043521 -0.288065 -0.57089 1.74278 0.995583 -0.0879046 -0.0328472 -0.00294911
1305031118.079334 -0.279849 -0.607294 1.77086 0.99565 -0.0872565 -0.0323744 -0.0043216
1305031118.111217 -0.262573 -0.657673 1.80495 0.995766 -0.0869524 -0.0293253 -0.0054376
1305031118.143256 -0.283351 -0.700259 1.82088 0.996043 -0.0853773 -0.0235439 -0.00744685
1305031118.179323 -0.282684 -0.76054 1.85355 0.996039 -0.0858854 -0.0210566 -0.00933817
1305031118.211202 -0.305873 -0.822042 1.86959 0.996301 -0.0837576 -0.0171498 -0.00860584
1305031118.243173 -0.310524 -0.872539 1.8871 0.99649 -0.0812754 -0.0180767 -0.00866994
1305031118.279194 -0.295811 -0.928893 1.9111 0.996703 -0.0782828 -0.0193582 -0.00897708
1305031118.311299 -0.302069 -0.970496 1.92215 0.997193 -0.0717319 -0.0192799 -0.00944001
1305031118.343324 -0.28284 -0.986272 1.93898 0.99757 -0.0660778 -0.0195096 -0.0103511
1305031118.379208 -0.306973 -1.02738 1.94705 0.99784 -0.0623897 -0.0165022 -0.0122883
1305031118.411296 -0.313453 -1.03349 1.94816 0.998054 -0.0584562 -0.0179662 -0.0121921
1305031118.445692 -0.300921 -1.03694 1.96471 0.998142 -0.0573158 -0.0186683 -0.00892102
1305031118.479285 -0.305187 -1.06157 1.97011 0.998145 -0.0575199 -0.0186131 -0.00718661
1305031118.511255 -0.283201 -1.02648 1.97624 0.998363 -0.0532197 -0.0202172 -0.00547071
1305031118.544414 -0.278047 -0.991953 1.96726 0.998379 -0.0531504 -0.0195319 -0.00575593
1305031118.579285 -0.263479 -0.981863 1.97753 0.998262 -0.0553527 -0.0194129 -0.00565558
1305031118.616142 -0.255996 -0.94872 1.97156 0.998305 -0.0548106 -0.0177609 -0.00822299
1305031118.645325 -0.275558 -0.901301 1.95184 0.998346 -0.0545172 -0.0141967 -0.0114679
1305031118.679295 -0.280763 -0.881839 1.94409 0.998104 -0.0587204 -0.0128477 -0.0132194
1305031118.711421 -0.290464 -0.870403 1.93798 0.997947 -0.0607003 -0.0127954 -0.0159071
1305031118.746770 -0.318632 -0.818812 1.90004 0.998121 -0.0577381 -0.0131812 -0.0156911
1305031118.779277 -0.313305 -0.721154 1.86403 0.998079 -0.0572062 -0.0172832 -0.0163476
1305031118.811221 -0.293965 -0.734614 1.87274 0.997524 -0.064928 -0.0208074 -0.0172142
1305031118.846753 -0.273206 -0.674189 1.85227 0.997835 -0.0597984 -0.0220272 -0.0162753
1305031118.879208 -0.275357 -0.551509 1.79007 0.998134 -0.0546947 -0.0193868 -0.0189896
1305031118.911177 -0.28326 -0.537084 1.77815 0.99784 -0.0594691 -0.0179291 -0.0213802
1305031118.946974 -0.284203 -0.468232 1.7398 0.997949 -0.0573662 -0.0165253 -0.0230887
1305031118.979374 -0.295327 -0.380032 1.69627 0.997937 -0.0564747 -0.0150288 -0.0265671
1305031119.011363 -0.305481 -0.336692 1.672 0.997621 -0.0609523 -0.0149628 -0.0285201
1305031119.047172 -0.31805 -0.295395 1.64403 0.997458 -0.0632829 -0.0149694 -0.0291483
1305031119.079223 -0.337892 -0.255013 1.60085 0.997369 -0.0642515 -0.0160004 -0.0295263
1305031119.111328 -0.339727 -0.205498 1.57257 0.997314 -0.0644579 -0.0197482 -0.0286501
1305031119.147616 -0.348627 -0.151682 1.53236 0.997286 -0.0645315 -0.0225955 -0.0273252
1305031119.179226 -0.350501 -0.120511 1.51417 0.997115 -0.0654408 -0.0269915 -0.0273944
1305031119.211364 -0.339715 -0.0477757 1.48165 0.997366 -0.0610763 -0.0296235 -0.0255444
1305031119.247399 -0.338595 -0.00645406 1.45386 0.99735 -0.0610814 -0.0310376 -0.0244892
1305031119.279212 -0.341619 0.0510119 1.4241 0.997372 -0.0600904 -0.0317992 -0.0250542
1305031119.311212 -0.348286 0.0975358 1.40092 0.99744 -0.0601361 -0.0316891 -0.0222246
1305031119.347741 -0.353509 0.132736 1.37609 0.997462 -0.0598119 -0.0331112 -0.0198864
1305031119.379239 -0.349869 0.204439 1.34801 0.997513 -0.0576674 -0.0355515 -0.0194437
1305031119.411484 -0.327318 0.248514 1.34128 0.99741 -0.0587534 -0.0369887 -0.0188117
1305031119.447706 -0.329013 0.286608 1.32598 0.997436 -0.0599245 -0.0343849 -0.0186587
1305031119.479267 -0.343204 0.356292 1.29475 0.997696 -0.0567745 -0.0312627 -0.02007
1305031119.511240 -0.355768 0.404743 1.27257 0.997673 -0.0584653 -0.0293353 -0.0192531
1305031119.547382 -0.354014 0.465303 1.2568 0.99766 -0.0591342 -0.0296043 -0.0173663
1305031119.579559 -0.344904 0.549567 1.23875 0.997675 -0.05909 -0.0289551 -0.0177088
1305031119.615017 -0.353369 0.572785 1.23072 0.9974 -0.0648271 -0.0266029 -0.0168491
1305031119.647903 -0.364598 0.643378 1.21032 0.99735 -0.0662307 -0.0252976 -0.0163458
1305031119.679208 -0.347821 0.710467 1.2159 0.997111 -0.069544 -0.024458 -0.0182974
1305031119.715232 -0.357395 0.739565 1.21124 0.996726 -0.0768232 -0.0192883 -0.0162141
1305031119.747193 -0.37779 0.764975 1.19313 0.996439 -0.0819628 -0.0163304 -0.0111329
1305031119.779169 -0.381659 0.808414 1.19244 0.996176 -0.0850614 -0.0179056 -0.00879291
1305031119.814537 -0.379787 0.857511 1.19032 0.996042 -0.0867211 -0.0188639 -0.0049889
1305031119.847429 -0.373777 0.900783 1.18646 0.995813 -0.0895902 -0.0181468 -0.000924573
1305031119.879214 -0.373223 0.924534 1.18623 0.995712 -0.090999 -0.0166138 -0.00074463
1305031119.911401 -0.385686 0.997877 1.15701 0.996001 -0.0882975 -0.0136065 -0.00064443
1305031119.947392 -0.389454 1.02274 1.15739 0.995523 -0.0937847 -0.011734 -0.00116723
1305031119.979537 -0.383791 1.05463 1.15514 0.995364 -0.0957259 -0.00908193 -0.0022791
1305031120.015264 -0.404124 1.11613 1.13017 0.995192 -0.097856 -0.00402843 -0.00102626
1305031120.047290 -0.413258 1.09099 1.13893 0.994039 -0.108976 -0.00300051 0.00114483
1305031120.079418 -0.418723 1.09875 1.13642 0.993892 -0.110194 -0.00482826 0.00361369
1305031120.115232 -0.421085 1.11394 1.13262 0.993774 -0.111073 -0.00694669 0.00533692
1305031120.148157 -0.403391 1.08522 1.14521 0.993278 -0.115195 -0.00917456 0.00673155
1305031120.179246 -0.373375 1.04953 1.16935 0.993076 -0.11645 -0.0117072 0.0101164
1305031120.215249 -0.373565 1.01044 1.15657 0.993413 -0.113586 -0.0112207 0.0101457
1305031120.248003 -0.371719 1.00214 1.15718 0.99401 -0.108424 -0.0113575 0.00770173
1305031120.279430 -0.370028 0.963351 1.16462 0.994271 -0.106195 -0.0106275 0.00583305
1305031120.315196 -0.369785 0.920537 1.17504 0.994487 -0.104289 -0.0102564 0.00372683
1305031120.347787 -0.367123 0.874468 1.18896 0.994791 -0.101424 -0.0100513 0.00172769
1305031120.379437 -0.361028 0.824459 1.20947 0.994889 -0.10039 -0.0107517 0.00111827
1305031120.415445 -0.342139 0.741943 1.24361 0.995193 -0.0970597 -0.01291 0.00197774
1305031120.447417 -0.348594 0.727126 1.24588 0.996085 -0.0874572 -0.0128248 0.00110522
1305031120.479432 -0.336654 0.661478 1.28466 0.996171 -0.0861683 -0.0145125 0.00264254
1305031120.514819 -0.335702 0.602766 1.30726 0.996619 -0.0803662 -0.0163685 0.00487616
1305031120.547736 -0.332286 0.56548 1.31953 0.997107 -0.0731548 -0.0194503 0.006925
1305031120.579551 -0.334691 0.538287 1.33332 0.997347 -0.0682972 -0.02298 0.0103103
1305031120.615236 -0.321206 0.485087 1.36812 0.997359 -0.0656938 -0.0281312 0.0129872
1305031120.647354 -0.307851 0.455135 1.38871 0.997621 -0.0596911 -0.031737 0.0135135
1305031120.679318 -0.295439 0.423286 1.41378 0.997711 -0.0565865 -0.0339271 0.0148169
1305031120.714522 -0.29796 0.376127 1.43312 0.997799 -0.0548071 -0.0340672 0.0152358
1305031120.747369 -0.298356 0.326505 1.45463 0.997758 -0.0540628 -0.0362107 0.0156284
1305031120.779894 -0.274916 0.273483 1.48539 0.997683 -0.0525993 -0.0399585 0.0162937
1305031120.814944 -0.28124 0.245697 1.49228 0.997913 -0.0487975 -0.0394888 0.0151183
1305031120.847921 -0.273358 0.197149 1.51689 0.99781 -0.0499076 -0.0411203 0.0139172
1305031120.883435 -0.248331 0.149283 1.55046 0.997842 -0.0480914 -0.0427676 0.0129958
1305031120.915444 -0.264493 0.116599 1.54713 0.998101 -0.0458496 -0.0398296 0.0102622
1305031120.947488 -0.263424 0.0622517 1.56455 0.998088 -0.0466004 -0.0397899 0.00808917
1305031120.983366 -0.267954 0.00876956 1.5788 0.998097 -0.0469237 -0.039531 0.00609223
1305031121.015019 -0.264359 -0.0378152 1.60147 0.998119 -0.0455797 -0.0406454 0.00532894
1305031121.047498 -0.272799 -0.0638524 1.60708 0.998237 -0.0437741 -0.0398942 0.00398627
1305031121.083099 -0.276926 -0.132311 1.63199 0.998164 -0.0443465 -0.041152 0.00283347
1305031121.114696 -0.270593 -0.169995 1.63684 0.998217 -0.0414322 -0.0428162 0.00361481
1305031121.147331 -0.273186 -0.213121 1.648 0.998261 -0.0397852 -0.0433874 0.00319499
1305031121.183271 -0.273335 -0.263353 1.65931 0.998257 -0.0383355 -0.0448049 0.00242779
1305031121.211420 -0.24641 -0.316507 1.68693 0.998243 -0.0366571 -0.0464559 0.00298425
1305031121.247194 -0.276095 -0.349535 1.68532 0.998494 -0.0339663 -0.0430457 0.00169904
1305031121.282876 -0.271746 -0.411999 1.70504 0.998362 -0.0354403 -0.0448033 0.00304465
1305031121.313568 -0.256239 -0.47173 1.72761 0.998363 -0.0338499 -0.0459169 0.00423049
1305031121.347517 -0.279518 -0.501047 1.73174 0.998471 -0.0309574 -0.0455507 0.00465629
1305031121.383226 -0.243598 -0.570653 1.77195 0.998254 -0.0313652 -0.0496167 0.00659271
1305031121.414318 -0.245902 -0.605403 1.78367 0.998463 -0.026292 -0.0484676 0.0055527
1305031121.447319 -0.251276 -0.637766 1.79294 0.998546 -0.0245096 -0.0476139 0.00621188
1305031121.482964 -0.222323 -0.705629 1.83121 0.998528 -0.0246977 -0.0475118 0.00858542
1305031121.514107 -0.25106 -0.726285 1.81982 0.998797 -0.0202064 -0.0438251 0.00874526
1305031121.547270 -0.245703 -0.751528 1.83604 0.998761 -0.0209334 -0.0441719 0.00930731
1305031121.583204 -0.240289 -0.817907 1.86348 0.998745 -0.0238774 -0.0431807 0.0086065
1305031121.614700 -0.231703 -0.853198 1.88213 0.99883 -0.0226156 -0.0420647 0.00765408
1305031121.647183 -0.223089 -0.862781 1.90019 0.999024 -0.0207281 -0.0386143 0.00544127
1305031121.683200 -0.254291 -0.916219 1.90231 0.999157 -0.0241582 -0.0330178 0.00334938
1305031121.714520 -0.26939 -0.96716 1.90487 0.999173 -0.0257394 -0.0312313 0.00403389
1305031121.747145 -0.261971 -0.980631 1.9234 0.99913 -0.0267661 -0.0315911 0.00498643
1305031121.782835 -0.255997 -1.02053 1.94546 0.99905 -0.0292312 -0.0314916 0.00730388
1305031121.811540 -0.237702 -1.03476 1.9638 0.999009 -0.0300628 -0.0313599 0.00966747
1305031121.847335 -0.24744 -1.05554 1.96873 0.998986 -0.0322839 -0.0288498 0.0123558
1305031121.882060 -0.253941 -1.07365 1.96961 0.998825 -0.0350648 -0.0279353 0.018399
1305031121.914931 -0.25911 -1.082 1.96833 0.998676 -0.0370602 -0.0292811 0.0203687
1305031121.947288 -0.235886 -1.07738 1.98307 0.998567 -0.0367919 -0.0329902 0.0205434
1305031121.982926 -0.233395 -1.04365 1.97715 0.998636 -0.0354537 -0.0326562 0.0200485
1305031122.014256 -0.249904 -1.0325 1.96514 0.998696 -0.036084 -0.0316742 0.0173528
1305031122.047306 -0.246693 -0.999636 1.95193 0.998749 -0.0344771 -0.0334265 0.0139235
1305031122.082959 -0.237551 -0.97137 1.946 0.998756 -0.034161 -0.0347345 0.0106018
1305031122.114672 -0.251553 -0.908481 1.91493 0.998915 -0.0312057 -0.0339453 0.00654043
1305031122.150725 -0.244381 -0.858421 1.90433 0.9989 -0.0311325 -0.0350603 0.00117547
1305031122.183042 -0.247109 -0.79055 1.88474 0.99903 -0.0277957 -0.0339413 -0.00384834
1305031122.214959 -0.276802 -0.646215 1.83923 0.999192 -0.024498 -0.030398 -0.00953548
1305031122.251319 -0.280842 -0.639977 1.83479 0.998936 -0.0326925 -0.0299113 -0.0127971
1305031122.283560 -0.304635 -0.564931 1.7931 0.998946 -0.0318983 -0.0292044 -0.0153797
1305031122.314289 -0.322943 -0.470615 1.76346 0.998687 -0.0356295 -0.030684 -0.0203281
1305031122.351327 -0.317699 -0.453252 1.75229 0.998204 -0.0442186 -0.0337457 -0.0222352
1305031122.382630 -0.340803 -0.401459 1.71716 0.997916 -0.0493383 -0.0343771 -0.0234046
1305031122.414997 -0.353038 -0.376647 1.69439 0.997514 -0.0544844 -0.0379499 -0.0235826
1305031122.451257 -0.354297 -0.318633 1.65924 0.997272 -0.0560627 -0.0426625 -0.0220462
1305031122.483360 -0.351935 -0.280023 1.64025 0.996812 -0.0598717 -0.0480281 -0.0217963
1305031122.515097 -0.33921 -0.226492 1.6193 0.996474 -0.0609552 -0.0530593 -0.0225606
1305031122.551490 -0.320781 -0.172135 1.59509 0.996236 -0.0622951 -0.0553264 -0.0239119
1305031122.583208 -0.32622 -0.127202 1.57237 0.996178 -0.0638709 -0.0537757 -0.0256364
1305031122.614980 -0.351629 -0.094359 1.54542 0.996178 -0.0652735 -0.0524049 -0.0249328
1305031122.648788 -0.35013 -0.0249131 1.52547 0.996261 -0.0626087 -0.0546925 -0.023501
1305031122.683402 -0.352354 0.0256484 1.49833 0.99626 -0.062264 -0.0557263 -0.0219931
1305031122.715208 -0.362378 0.0679468 1.47089 0.996176 -0.062578 -0.0577546 -0.0195548
1305031122.751298 -0.353478 0.149489 1.44565 0.996124 -0.0603755 -0.0609705 -0.0193498
1305031122.783423 -0.358553 0.238512 1.42619 0.996077 -0.061235 -0.0607678 -0.019716
1305031122.812555 -0.344357 0.266755 1.43512 0.995617 -0.0676542 -0.061388 -0.020053
1305031122.851418 -0.315954 0.316927 1.43795 0.995573 -0.0692328 -0.0597145 -0.0218094
1305031122.883754 -0.340053 0.360982 1.41127 0.995781 -0.0727053 -0.0515118 -0.0219238
1305031122.914571 -0.362515 0.382169 1.39722 0.995646 -0.0773141 -0.0476059 -0.021117
1305031122.951341 -0.369627 0.411684 1.38221 0.995606 -0.0786695 -0.0464141 -0.0206529
1305031122.982815 -0.386006 0.464526 1.35802 0.995665 -0.079457 -0.0451644 -0.0172365
1305031123.015450 -0.374162 0.485297 1.35516 0.995332 -0.0829617 -0.0473415 -0.0137788
1305031123.051827 -0.366834 0.511848 1.34784 0.995344 -0.0830261 -0.0474189 -0.0121888
1305031123.082975 -0.375399 0.576719 1.32144 0.995619 -0.0809446 -0.0457026 -0.0100663
1305031123.113873 -0.381609 0.622695 1.29557 0.995497 -0.0837999 -0.0435131 -0.00839904
1305031123.150822 -0.379011 0.667694 1.30253 0.995268 -0.086489 -0.0436405 -0.00751139
1305031123.182155 -0.360223 0.733357 1.29801 0.995217 -0.0873259 -0.0432307 -0.00698479
1305031123.214704 -0.359422 0.78219 1.29025 0.995013 -0.0917531 -0.0383931 -0.00753654
1305031123.250618 -0.368122 0.855366 1.27758 0.994819 -0.0953396 -0.0340616 -0.00923992
1305031123.282347 -0.359602 0.893255 1.28955 0.993976 -0.104725 -0.0316934 -0.00632862
1305031123.311327 -0.359716 0.923075 1.29446 0.99337 -0.111441 -0.0275488 -0.00615015
1305031123.350481 -0.362572 0.955803 1.29492 0.992818 -0.117257 -0.0229361 -0.00610652
1305031123.382255 -0.350634 0.998851 1.29419 0.992351 -0.121962 -0.0189531 -0.002535
1305031123.411363 -0.358187 1.01358 1.29164 0.991805 -0.127055 -0.0133101 -0.0014799
1305031123.451255 -0.359437 1.06554 1.27939 0.991708 -0.128071 -0.0106029 -5.87131e-05
1305031123.483594 -0.352068 1.11371 1.27437 0.991276 -0.131411 -0.00907892 0.00462813
1305031123.511360 -0.350903 1.13055 1.27022 0.990641 -0.136106 -0.00727154 0.00721351
1305031123.551513 -0.343606 1.16238 1.26013 0.990331 -0.138192 -0.00774575 0.00937443
1305031123.579583 -0.340467 1.21012 1.25973 0.990173 -0.13908 -0.00719665 0.0127074
1305031123.611335 -0.328793 1.24949 1.24425 0.99003 -0.140027 -0.00632224 0.0138928
1305031123.652411 -0.325222 1.28829 1.24515 0.989515 -0.143715 -0.00422414 0.0137343
1305031123.683753 -0.32049 1.31801 1.24563 0.9889 -0.147887 -0.000707956 0.0143294
1305031123.711323 -0.321284 1.3463 1.24236 0.988204 -0.152338 0.00333299 0.0153604
1305031123.751723 -0.313265 1.38371 1.24055 0.987968 -0.153567 0.0045134 0.0177587
1305031123.783858 -0.313106 1.41371 1.23093 0.987976 -0.153248 0.00420536 0.0199959
1305031123.811608 -0.31233 1.4197 1.22673 0.987775 -0.154428 0.0040793 0.0208768
1305031123.851444 -0.311569 1.4287 1.22442 0.987661 -0.154789 0.00404759 0.023451
1305031123.883786 -0.319924 1.44197 1.22689 0.987987 -0.152493 0.00346229 0.0248256
1305031123.911243 -0.31298 1.41716 1.22625 0.988281 -0.150816 0.00145244 0.023502
1305031123.951442 -0.309592 1.39181 1.22264 0.987939 -0.152797 0.000729051 0.0250699
1305031123.983415 -0.314148 1.3777 1.23151 0.987757 -0.153609 -0.0010321 0.0272081
1305031124.011302 -0.312418 1.34431 1.23959 0.988465 -0.14891 -0.00509916 0.0271401
1305031124.051505 -0.306627 1.2951 1.2449 0.98871 -0.14711 -0.00861513 0.02715
1305031124.083837 -0.312852 1.28519 1.26274 0.989133 -0.143865 -0.0109107 0.0282827
1305031124.111331 -0.313959 1.24735 1.27714 0.990057 -0.137315 -0.0136375 0.0273178
1305031124.147446 -0.324036 1.19199 1.2741 0.990494 -0.134422 -0.0136964 0.0258014
1305031124.182694 -0.319594 1.13268 1.29663 0.990368 -0.135514 -0.0152893 0.0239516
1305031124.211396 -0.313344 1.08551 1.31606 0.991184 -0.129493 -0.0169355 0.022356
1305031124.249327 -0.330277 1.05355 1.31092 0.992008 -0.123272 -0.0163927 0.0213273
1305031124.282545 -0.342394 1.0228 1.31751 0.99214 -0.121729 -0.019505 0.0214615
1305031124.311361 -0.3254 0.952076 1.34038 0.992186 -0.120222 -0.0248585 0.0222498
1305031124.350354 -0.325168 0.921282 1.34662 0.992889 -0.113716 -0.0282273 0.0210743
1305031124.382420 -0.312105 0.871238 1.36269 0.993198 -0.110294 -0.0315424 0.0199392
1305031124.411439 -0.31054 0.807757 1.37532 0.993591 -0.106309 -0.0329373 0.0197742
1305031124.450245 -0.295353 0.751378 1.38891 0.994211 -0.0998302 -0.0356243 0.0175766
1305031124.480099 -0.29761 0.689544 1.39711 0.994771 -0.094175 -0.0364891 0.0151671
1305031124.511324 -0.301021 0.652604 1.40237 0.995458 -0.0862972 -0.0380374 0.0130255
1305031124.550437 -0.306875 0.602273 1.41236 0.995825 -0.0817367 -0.039346 0.0101684
1305031124.579404 -0.305577 0.541392 1.43027 0.996002 -0.0783729 -0.0421017 0.00810294
1305031124.611358 -0.301033 0.480965 1.44702 0.996242 -0.0738144 -0.0448751 0.00634472
1305031124.651271 -0.298072 0.437141 1.46138 0.996481 -0.0689044 -0.0475008 0.00462411
1305031124.679362 -0.278932 0.368791 1.49008 0.996526 -0.0658812 -0.0508402 0.00329134
1305031124.711251 -0.279091 0.328138 1.504 0.996884 -0.0603291 -0.0508019 0.00113091
1305031124.749890 -0.276215 0.270389 1.52905 0.996996 -0.0580194 -0.0513056 -0.000197624
1305031124.779365 -0.27084 0.211019 1.55371 0.997075 -0.0549778 -0.0530964 -0.000350218
1305031124.811360 -0.26788 0.165444 1.57728 0.997163 -0.0521975 -0.0542248 -0.000615727
1305031124.850535 -0.263127 0.0963722 1.61323 0.997027 -0.0528772 -0.0560463 -0.000818087
1305031124.879355 -0.235696 0.0427603 1.65767 0.997039 -0.0503848 -0.0580878 -0.000813225
1305031124.911448 -0.240384 0.00375927 1.67037 0.997333 -0.0481324 -0.0548547 -0.00112629
1305031124.950730 -0.238431 -0.0635658 1.71167 0.997196 -0.052009 -0.0537973 -0.001183
1305031124.979438 -0.245201 -0.153575 1.75549 0.997215 -0.05272 -0.0527503 0.00025913
1305031125.011454 -0.259004 -0.199286 1.7708 0.997389 -0.0476723 -0.0542182 0.00178974
1305031125.050763 -0.238963 -0.215001 1.78962 0.997395 -0.0435214 -0.0574743 0.0024218
1305031125.079364 -0.239179 -0.27664 1.81986 0.997367 -0.0454256 -0.0562354 0.00579361
1305031125.111364 -0.238598 -0.343053 1.85278 0.997272 -0.045478 -0.0577622 0.00666811
1305031125.151013 -0.216116 -0.368762 1.87812 0.997371 -0.0405067 -0.0598075 0.00581193
1305031125.179353 -0.227794 -0.380485 1.87866 0.997636 -0.0393199 -0.0559999 0.00642386
1305031125.211320 -0.235895 -0.45463 1.90864 0.997517 -0.0442996 -0.0544046 0.00620452
1305031125.250632 -0.2442 -0.521517 1.93245 0.997581 -0.0434393 -0.0541632 0.00350887
1305031125.279467 -0.244056 -0.534214 1.93726 0.997762 -0.0392204 -0.0540636 0.00312454
1305031125.311493 -0.242184 -0.585208 1.96606 0.997815 -0.0397947 -0.0525969 0.00383367
1305031125.348880 -0.249671 -0.606748 1.97207 0.998063 -0.0351218 -0.0513493 0.000573102
1305031125.379401 -0.232531 -0.625254 2.00182 0.998115 -0.0347353 -0.0504877 -0.00321653
1305031125.411335 -0.229925 -0.642204 2.02152 0.998418 -0.0343493 -0.0443622 -0.00368832
1305031125.451195 -0.247386 -0.683668 2.03164 0.998518 -0.0382835 -0.0381793 -0.00624839
1305031125.479424 -0.243758 -0.730383 2.05264 0.998609 -0.0388245 -0.0347689 -0.00793294
1305031125.511316 -0.256575 -0.729103 2.0482 0.99881 -0.037456 -0.0299886 -0.008681
1305031125.551020 -0.24953 -0.73454 2.05891 0.998847 -0.0377716 -0.0276888 -0.0105255
1305031125.579308 -0.249623 -0.751582 2.06612 0.998827 -0.0398757 -0.0241546 -0.0130555
1305031125.611533 -0.267207 -0.79306 2.06243 0.998865 -0.0410091 -0.0196556 -0.0141621
1305031125.650575 -0.295704 -0.812334 2.03152 0.999087 -0.0372374 -0.0174691 -0.0115226
1305031125.679328 -0.32235 -0.774776 1.99042 0.999236 -0.0318059 -0.0198829 -0.0109399
1305031125.711443 -0.298571 -0.781736 1.99267 0.999109 -0.0313439 -0.0269468 -0.00847541
1305031125.751260 -0.280219 -0.701189 1.96186 0.999241 -0.023481 -0.0303354 -0.00675046
1305031125.779348 -0.27128 -0.668582 1.94887 0.999164 -0.0237619 -0.0319074 -0.00946316
1305031125.811573 -0.266587 -0.604607 1.925 0.999219 -0.0217064 -0.0313301 -0.0103797
1305031125.847412 -0.2765 -0.583223 1.90622 0.999175 -0.0249095 -0.0293101 -0.0130306
1305031125.879318 -0.300462 -0.533661 1.87241 0.999213 -0.0240327 -0.0283398 -0.013887
1305031125.911305 -0.325478 -0.480114 1.83331 0.999092 -0.0273494 -0.0297807 -0.013394
1305031125.947343 -0.337714 -0.465283 1.81599 0.998792 -0.0320307 -0.0357396 -0.0105589
1305031125.979324 -0.32241 -0.398601 1.79046 0.99851 -0.0312934 -0.0441414 -0.00701673
1305031126.011333 -0.296914 -0.339651 1.78324 0.998101 -0.0334306 -0.0513178 -0.00663385
1305031126.047324 -0.262286 -0.260318 1.78132 0.997856 -0.0351245 -0.0549709 -0.0052786
1305031126.079356 -0.261858 -0.199838 1.77217 0.997786 -0.0393602 -0.053379 -0.00501951
1305031126.111370 -0.256273 -0.157407 1.76815 0.997608 -0.0439304 -0.053064 -0.00572506
1305031126.147432 -0.262149 -0.073018 1.73978 0.997676 -0.0449855 -0.0510142 -0.00414861
1305031126.179384 -0.272255 -0.014877 1.72672 0.997362 -0.0519785 -0.0505128 -0.00397457
1305031126.211319 -0.255201 0.0219961 1.73575 0.996941 -0.0578015 -0.0524961 -0.00341888
1305031126.247298 -0.253425 0.104514 1.71679 0.996925 -0.0593035 -0.051117 -0.00335226
1305031126.279363 -0.242535 0.164242 1.70819 0.996693 -0.0638166 -0.0501896 -0.0034361
1305031126.311332 -0.241569 0.224347 1.69607 0.996531 -0.0683753 -0.0470824 -0.00577068
1305031126.347363 -0.243393 0.266533 1.6868 0.996295 -0.0739798 -0.0432591 -0.00726715
1305031126.379423 -0.259316 0.314475 1.66718 0.996135 -0.0780456 -0.0392385 -0.00914412
1305031126.411465 -0.261643 0.368259 1.65392 0.995799 -0.0828138 -0.037624 -0.0104692
1305031126.447361 -0.264704 0.394016 1.64626 0.995341 -0.0888577 -0.0361762 -0.00963363
1305031126.479533 -0.27793 0.423776 1.61688 0.995073 -0.0924439 -0.0350622 -0.00732321
1305031126.511410 -0.279075 0.494703 1.58943 0.994859 -0.0942927 -0.0364779 -0.00575008
1305031126.547374 -0.25904 0.53308 1.59681 0.994102 -0.101261 -0.0385478 -0.00462874
1305031126.579454 -0.254272 0.574614 1.58951 0.993733 -0.105581 -0.0365718 -0.00311063
1305031126.611528 -0.257761 0.608125 1.57955 0.993158 -0.111615 -0.0343011 -0.00187323
1305031126.647376 -0.241711 0.622273 1.58487 0.992547 -0.117116 -0.033693 0.000305274
1305031126.679479 -0.240438 0.64878 1.56438 0.992385 -0.119113 -0.0310236 0.0046366
1305031126.711583 -0.239286 0.682936 1.5549 0.99216 -0.121295 -0.0292849 0.00701013
1305031126.747316 -0.232462 0.690717 1.55623 0.991917 -0.123358 -0.0279342 0.010159
1305031126.779379 -0.231636 0.728825 1.53726 0.992122 -0.121703 -0.0266055 0.0132337
1305031126.811602 -0.211059 0.751216 1.53531 0.99212 -0.121797 -0.0258897 0.0139043
1305031126.847343 -0.214268 0.764793 1.51734 0.992164 -0.122294 -0.0213334 0.014129
1305031126.879357 -0.213123 0.775845 1.50608 0.992117 -0.122993 -0.0192892 0.0142716
1305031126.911364 -0.206572 0.777263 1.50041 0.992067 -0.123735 -0.0175115 0.0136815
1305031126.947437 -0.213623 0.779451 1.48734 0.991943 -0.124803 -0.0155566 0.0152223
1305031126.979337 -0.210888 0.770934 1.48815 0.991753 -0.126004 -0.0166079 0.0165165
1305031127.011371 -0.205827 0.772091 1.48465 0.991949 -0.124245 -0.017873 0.0167327
1305031127.047297 -0.204437 0.777048 1.47971 0.99208 -0.122993 -0.0181935 0.0178705
1305031127.079299 -0.207558 0.767538 1.48179 0.991936 -0.124086 -0.0183862 0.018081
1305031127.111435 -0.213661 0.753073 1.48169 0.991816 -0.124577 -0.0200387 0.0194765
1305031127.147307 -0.211939 0.739386 1.48642 0.991822 -0.123711 -0.0237219 0.0205248
1305031127.179349 -0.210855 0.741833 1.4884 0.992137 -0.12064 -0.0268303 0.0197531
1305031127.211700 -0.203626 0.737797 1.49635 0.992198 -0.119653 -0.0288354 0.0198557
1305031127.247374 -0.198782 0.718104 1.50776 0.992343 -0.118395 -0.0295578 0.0190849
1305031127.279465 -0.207099 0.715126 1.50685 0.992739 -0.115375 -0.0291053 0.0176496
1305031127.311362 -0.214335 0.700733 1.51421 0.99266 -0.116018 -0.0294812 0.0172182
1305031127.347356 -0.205756 0.668865 1.53479 0.992618 -0.115687 -0.0321487 0.0170843
1305031127.379262 -0.209659 0.674978 1.53423 0.993054 -0.111681 -0.0329729 0.0168331
1305031127.411371 -0.217167 0.666685 1.53821 0.9931 -0.111276 -0.0334989 0.0157561
1305031127.447333 -0.210741 0.637133 1.55767 0.992945 -0.112 -0.0355743 0.0158016
1305031127.479362 -0.220897 0.651634 1.55404 0.993391 -0.108052 -0.035862 0.0146201
1305031127.511356 -0.22396 0.64503 1.56439 0.993229 -0.109286 -0.0369503 0.0136687
1305031127.547348 -0.217023 0.620379 1.58126 0.993032 -0.110436 -0.0386513 0.0140436
1305031127.579345 -0.223582 0.62495 1.58023 0.993338 -0.107744 -0.0385699 0.0135054
1305031127.611271 -0.223612 0.629053 1.58392 0.99332 -0.107698 -0.0392077 0.0134064
1305031127.647358 -0.21781 0.611472 1.59586 0.993056 -0.10961 -0.0399659 0.0151163
1305031127.679298 -0.216159 0.605935 1.60118 0.993187 -0.108023 -0.040727 0.0158504
1305031127.711375 -0.227573 0.615922 1.59244 0.993385 -0.106446 -0.0404197 0.0148715
1305031127.747304 -0.218615 0.603445 1.60439 0.993103 -0.108439 -0.0417477 0.0156245
1305031127.779346 -0.219498 0.589765 1.60789 0.993154 -0.107919 -0.0418765 0.0156816
1305031127.811829 -0.227446 0.60193 1.60039 0.993478 -0.105171 -0.0416842 0.0142524
1305031127.847366 -0.228015 0.595766 1.60237 0.993414 -0.105814 -0.0418298 0.0135393
1305031127.879380 -0.23266 0.584467 1.6046 0.993334 -0.106584 -0.041866 0.013228
1305031127.911476 -0.238563 0.586654 1.60405 0.993403 -0.105804 -0.0424209 0.012514
1305031127.947366 -0.239528 0.593964 1.60488 0.99335 -0.105953 -0.0431968 0.0127973
1305031127.979371 -0.236588 0.587553 1.61698 0.993081 -0.107956 -0.044401 0.0128105
1305031128.011427 -0.231351 0.593868 1.62732 0.993014 -0.108366 -0.0449671 0.0125434
1305031128.047369 -0.222925 0.577335 1.64682 0.992587 -0.112139 -0.0446505 0.0142029
1305031128.079334 -0.227973 0.563902 1.65646 0.992555 -0.11265 -0.0438476 0.0148837
1305031128.111391 -0.225141 0.561164 1.65978 0.992611 -0.111927 -0.0442433 0.0154684
1305031128.147418 -0.222982 0.5595 1.66668 0.992492 -0.112662 -0.0443731 0.0172456
1305031128.179350 -0.205608 0.535851 1.68421 0.992258 -0.113794 -0.0458792 0.0192444
1305031128.211447 -0.215998 0.545718 1.67469 0.992678 -0.110589 -0.0447576 0.0188818
1305031128.247480 -0.21764 0.552255 1.67488 0.992692 -0.110258 -0.0451633 0.0191208
1305031128.279336 -0.214513 0.533573 1.68343 0.992505 -0.111677 -0.0457591 0.0191705
1305031128.311483 -0.217936 0.541229 1.6775 0.99277 -0.109562 -0.0454604 0.0183628
1305031128.347423 -0.21965 0.540239 1.67585 0.992768 -0.109658 -0.0456144 0.0175241
1305031128.379404 -0.221798 0.537512 1.67814 0.992753 -0.10983 -0.0460593 0.01606
1305031128.411337 -0.221958 0.527193 1.68069 0.992742 -0.110029 -0.046165 0.0150461
1305031128.447296 -0.230152 0.531635 1.67395 0.992916 -0.108903 -0.0455608 0.0135201
1305031128.479296 -0.22988 0.524184 1.67766 0.992834 -0.109579 -0.0460201 0.012428
1305031128.511433 -0.23078 0.523878 1.67803 0.992919 -0.108938 -0.0458673 0.0118334
1305031128.547399 -0.229218 0.522021 1.67641 0.992937 -0.109018 -0.0453891 0.0114037
1305031128.579455 -0.227615 0.503688 1.67952 0.992862 -0.109913 -0.0449044 0.0112787
1305031128.611395 -0.233475 0.504208 1.67231 0.993062 -0.10821 -0.0445528 0.0115219
1305031128.647352 -0.24071 0.50569 1.66722 0.993122 -0.107377 -0.0452638 0.0114116
1305031128.679282 -0.23552 0.501367 1.67016 0.993053 -0.107205 -0.0471741 0.0112916
1305031128.711457 -0.227748 0.499695 1.67179 0.993141 -0.106156 -0.0478437 0.0106018
1305031128.747363 -0.231089 0.5054 1.66576 0.993367 -0.104748 -0.0465023 0.0093311
