1305031102.1753	0.0040813	-0.0428326	-0.0561211	0.999991	0.00200568	0.00353147	0.00126452
1305031102.21121	-3.92E-010	1.40E-009	3.68E-009	1	-5.25E-010	-2.48E-010	2.95E-010
1305031102.27533	0.000200212	0.000721118	0.134942	0.999913	-0.0116667	-0.00613937	0.00110628
1305031102.31127	0.000584723	-0.0128296	0.207917	0.99982	-0.0169225	-0.00836075	0.00168784
1305031102.34323	-0.00321002	-0.00245141	0.266	0.999771	-0.0185644	-0.00999945	0.00354271
1305031102.37533	-0.00453767	0.00589757	0.326466	0.999716	-0.0203257	-0.0119326	0.00349781
1305031102.41126	-0.0263822	0.0236788	0.368583	0.999678	-0.0215614	-0.0131428	0.00233893
1305031102.44327	-0.0288955	0.0616034	0.419869	0.999548	-0.0250592	-0.016466	0.00228055
1305031102.47532	-0.0143383	0.06808	0.505423	0.99928	-0.0322207	-0.0198909	0.00226725
1305031102.51122	-0.00793747	0.0692439	0.579615	0.999102	-0.0375105	-0.0196823	0.00113808
1305031102.57529	-0.00627784	0.0450942	0.719554	0.998808	-0.045642	-0.0171328	-0.00226826
1305031102.61123	-0.0123037	0.0352799	0.781639	0.99895	-0.0435358	-0.0141806	-0.0012829
1305031102.67529	-0.040088	0.0925037	0.886429	0.99907	-0.0410227	-0.0132622	0.000502012
1305031102.71126	-0.0417175	0.0916282	0.955971	0.999012	-0.0422419	-0.0136569	0.00181048
1305031102.74323	-0.038914	0.138031	1.01509	0.99905	-0.041079	-0.0141113	0.00344034
1305031102.77547	-0.0286538	0.140623	1.0904	0.998965	-0.0436267	-0.0127762	0.00145184
1305031102.81123	-0.0360752	0.159906	1.15126	0.998965	-0.0445341	-0.00922439	0.000504201
1305031102.84329	-0.0308414	0.163988	1.22187	0.998891	-0.0466806	-0.00615871	-0.000482357
1305031102.87536	-0.0531376	0.177181	1.27561	0.998939	-0.0458951	-0.00186404	-0.00325778
1305031102.91119	-0.0595545	0.193573	1.33229	0.998962	-0.0453065	-0.000293767	-0.00475462
1305031102.9752	-0.13532	0.196293	1.40079	0.998821	-0.0480073	-0.000864505	-0.00720548
1305031103.01122	-0.130107	0.217012	1.46316	0.998772	-0.0487726	-0.00777313	-0.00402073
1305031103.04323	-0.131453	0.235118	1.52353	0.998633	-0.0503613	-0.0139361	-0.00118899
1305031103.07532	-0.0983692	0.252595	1.60956	0.998566	-0.0494956	-0.0203133	0.00204437
1305031103.11124	-0.111665	0.290047	1.62982	0.99875	-0.0465008	-0.0182099	0.00230724
1305031103.14332	-0.109379	0.303674	1.69179	0.998663	-0.0480603	-0.018703	0.00360637
1305031103.17545	-0.0959323	0.331884	1.71348	0.998655	-0.0484248	-0.0177782	0.00514372
1305031103.24322	-0.113875	0.364985	1.78154	0.997991	-0.0607113	-0.0155256	0.00937585
1305031103.27537	-0.137042	0.35449	1.78686	0.997216	-0.0717507	-0.0157562	0.0127985
1305031103.31121	-0.12392	0.339661	1.83575	0.99641	-0.0789834	-0.0269484	0.0142113
1305031103.34322	-0.095394	0.368549	1.85755	0.996369	-0.0770187	-0.0330443	0.0150113
1305031103.37533	-0.0742548	0.353799	1.87047	0.995873	-0.0824945	-0.0335419	0.0175199
1305031103.41126	-0.0903984	0.323776	1.85814	0.995671	-0.0856173	-0.0314319	0.0179059
1305031103.44328	-0.107869	0.318536	1.82848	0.995763	-0.084543	-0.0319903	0.0168842
1305031103.47527	-0.0953967	0.311175	1.82864	0.995651	-0.0839291	-0.0370407	0.0162327
1305031103.51133	-0.0939615	0.292737	1.80401	0.99581	-0.081491	-0.0389827	0.0142444
1305031103.54344	-0.0926958	0.26729	1.76675	0.996071	-0.0778801	-0.0402981	0.0124
1305031103.57547	-0.0960422	0.25504	1.71218	0.996382	-0.0730465	-0.041462	0.012976
1305031103.61122	-0.10152	0.231873	1.65976	0.996415	-0.0707914	-0.0440502	0.0142922
1305031103.64345	-0.0914807	0.209541	1.60722	0.99636	-0.068103	-0.0489196	0.0153275
1305031103.67552	-0.0810085	0.188801	1.55304	0.996384	-0.0655294	-0.0517984	0.015554
1305031103.71161	-0.0713145	0.171914	1.49319	0.996501	-0.0627374	-0.0530703	0.0153024
1305031103.74333	-0.065826	0.133288	1.4352	0.996611	-0.0614983	-0.0527714	0.0141397
1305031103.77534	-0.0584452	0.12762	1.35838	0.996909	-0.0572342	-0.0526703	0.0110828
1305031103.81124	-0.0655598	0.126835	1.27782	0.997126	-0.0560432	-0.0504431	0.0073321
1305031103.84325	-0.0968889	0.135989	1.19178	0.997223	-0.0570522	-0.0477157	0.0037969
1305031103.87536	-0.0976986	0.0723262	1.14093	0.996513	-0.0660867	-0.0509151	0.00120783
1305031103.91122	-0.0807919	0.0217228	1.09155	0.996161	-0.0671258	-0.0561936	0.00062518
1305031103.94321	-0.0724868	0.00925151	1.01681	0.996165	-0.0645725	-0.059034	-0.000105277
1305031103.97537	-0.0552921	-0.0216781	0.954628	0.996071	-0.0633707	-0.061847	-0.000917591
1305031104.01123	-0.0262665	-0.0442672	0.914312	0.996171	-0.0593284	-0.0641927	-0.00153568
1305031104.04325	0.00153882	-0.0521472	0.841638	0.996713	-0.0514079	-0.0625387	-0.00316934
1305031104.07543	0.0187169	-0.0566574	0.758735	0.997182	-0.046754	-0.0583363	-0.00621197
1305031104.11123	0.0331725	-0.086109	0.71127	0.997555	-0.044532	-0.0533566	-0.00736869
1305031104.14323	0.0234972	-0.113487	0.626675	0.998067	-0.0402749	-0.0465208	-0.00867971
1305031104.17542	0.0204417	-0.123547	0.554123	0.99839	-0.0357835	-0.0429735	-0.0094455
1305031104.21128	0.0276374	-0.15148	0.487517	0.998603	-0.032458	-0.0406328	-0.0093404
1305031104.2432	0.0293149	-0.159586	0.421948	0.99885	-0.0274253	-0.0381971	-0.00931586
1305031104.27555	0.0370621	-0.163757	0.360526	0.999049	-0.0224791	-0.035962	-0.010101
1305031104.31122	0.0459102	-0.172441	0.30088	0.999224	-0.0186331	-0.0331313	-0.0103188
1305031104.34334	0.0513756	-0.173229	0.242014	0.999403	-0.0150384	-0.0290842	-0.0110152
1305031104.37584	0.0531864	-0.180365	0.185979	0.99956	-0.0132873	-0.0242739	-0.0106323
1305031104.41151	0.0361822	-0.192424	0.124042	0.999685	-0.0122816	-0.0191936	-0.0105632
1305031104.44329	-0.00346802	-0.196847	0.0442392	0.999763	-0.0115509	-0.0148801	-0.0108752
1305031104.47546	-0.0224389	-0.204673	-0.00290878	0.999758	-0.0119693	-0.0153695	-0.0102345
1305031104.51133	-0.0250458	-0.232108	-0.0430334	0.999724	-0.0122835	-0.0180182	-0.00877299
1305031104.54337	-0.00467993	-0.24483	-0.0842044	0.999698	-0.00931341	-0.0213455	-0.00786601
1305031104.57534	0.0375847	-0.255601	-0.0948813	0.999683	-0.00524796	-0.0238612	-0.00612111
1305031104.61134	0.08603	-0.307396	-0.119734	0.99975	0.00173932	-0.0218464	-0.00442434
1305031104.64324	0.0914488	-0.283448	-0.178275	0.999766	0.0156421	-0.0141416	-0.00490369
1305031104.67553	0.101153	-0.320074	-0.237095	0.999659	0.0251011	-0.0061472	-0.00370949
1305031104.71128	0.0935084	-0.323978	-0.300324	0.999239	0.0389007	0.00219173	-0.00171231
1305031104.74328	0.105499	-0.313778	-0.357167	0.998581	0.0524805	0.00902598	-5.45E-005
1305031104.77533	0.105276	-0.304394	-0.410115	0.997748	0.0650032	0.0164306	0.00158459
1305031104.81147	0.120959	-0.277886	-0.459132	0.996797	0.0766141	0.022559	0.0040246
1305031104.84326	0.11341	-0.261576	-0.500133	0.995909	0.085141	0.0296471	0.0061
1305031104.87535	0.0921423	-0.239169	-0.532727	0.995232	0.0911743	0.0337672	0.00780026
1305031104.91153	0.102504	-0.21595	-0.537355	0.994923	0.0940546	0.0342879	0.0103515
1305031104.94326	0.0952652	-0.203337	-0.531358	0.994768	0.0952243	0.0354796	0.0105195
1305031104.9752	0.0918182	-0.157636	-0.512761	0.99473	0.0957635	0.0347718	0.0114786
1305031105.01129	0.105276	-0.140775	-0.480307	0.995183	0.0912236	0.033657	0.0125224
1305031105.04337	0.100708	-0.126846	-0.438174	0.995714	0.085587	0.033247	0.0111267
1305031105.07532	0.100283	-0.129779	-0.382785	0.996378	0.0780872	0.0322897	0.00946497
1305031105.1113	0.0817308	-0.145756	-0.327678	0.996901	0.0713865	0.0320877	0.00790288
1305031105.14311	0.0563519	-0.10173	-0.271266	0.997303	0.0666522	0.0302924	0.0051928
1305031105.17516	0.0496511	-0.0704682	-0.194603	0.998139	0.0547224	0.0267762	0.00263354
1305031105.21127	0.0342858	-0.141837	-0.11693	0.998992	0.0384719	0.0231223	0.00107553
1305031105.24327	0.0161077	-0.133994	-0.0465454	0.999386	0.0300661	0.0179903	-0.000631432
1305031105.27529	-0.0122109	-0.114302	0.0253058	0.999714	0.0202451	0.012595	-0.00187419
1305031105.31129	-0.0211913	-0.123211	0.112034	0.999944	0.00920115	0.00493053	-0.00164355
1305031105.3433	-0.0157295	-0.147875	0.192443	0.999996	-0.000380686	-0.00246499	-0.00165556
1305031105.37534	-0.0182406	-0.150047	0.266008	0.99996	-0.00436596	-0.0076995	-0.000944944
1305031105.41129	-0.0340013	-0.110514	0.326687	0.999895	-0.00817152	-0.0117285	-0.00227495
1305031105.44332	-0.0330965	-0.133517	0.412356	0.999727	-0.0165593	-0.0163009	-0.00226507
1305031105.47528	-0.0374503	-0.114918	0.482035	0.999624	-0.0190273	-0.0196336	-0.00211558
1305031105.51133	-0.0344267	-0.100181	0.554886	0.999467	-0.0233839	-0.0226749	-0.00204277
1305031105.54328	-0.035005	-0.11223	0.632492	0.99931	-0.0287453	-0.0234852	-0.000828028
1305031105.57545	-0.04436	-0.085038	0.715037	0.999226	-0.0303767	-0.0249731	-0.000638245
1305031105.61138	-0.0340836	-0.0935346	0.799185	0.999064	-0.0340214	-0.0267124	0.000375689
1305031105.64327	-0.0487039	-0.0789723	0.866418	0.999067	-0.034142	-0.0262682	0.0030019
1305031105.71131	0.00488547	-0.0734556	1.03586	0.99892	-0.036378	-0.0285023	0.00483716
1305031105.74331	0.000930562	-0.031862	1.10074	0.999153	-0.0329298	-0.024215	0.00472277
1305031105.77534	0.0202336	-0.0364187	1.18464	0.999173	-0.0346502	-0.0207332	0.00478679
1305031105.81128	0.00746661	-0.0197077	1.24776	0.999344	-0.0327033	-0.0145938	0.00531252
1305031105.84327	0.0344426	-0.00964557	1.31892	0.999388	-0.0318235	-0.0126919	0.00702907
1305031105.87534	0.0361022	0.0245996	1.37648	0.999467	-0.0305435	-0.00720301	0.00899294
1305031105.91126	0.0320873	0.047826	1.44801	0.999364	-0.0329883	-0.00266517	0.0132808
1305031105.94327	0.0224504	0.0824713	1.5058	0.999295	-0.0343636	0.00170183	0.0150531
1305031105.97533	0.0213175	0.100849	1.5721	0.99908	-0.0392954	0.00400023	0.0167252
1305031106.01129	0.0236194	0.125154	1.63577	0.998884	-0.0432245	0.00623514	0.0180137
1305031106.04336	0.0171451	0.139972	1.69751	0.998613	-0.0483472	0.00867969	0.018951
1305031106.07533	0.00887183	0.160316	1.75197	0.998362	-0.0523824	0.0100721	0.0206694
1305031106.11133	-0.00439571	0.186265	1.79194	0.99806	-0.0574567	0.0112486	0.0211891
1305031106.14335	-0.0133224	0.194513	1.8561	0.997549	-0.0651713	0.00998078	0.0234372
1305031106.17553	-0.0188975	0.207106	1.90785	0.997265	-0.0691874	0.0084755	0.024566
1305031106.21128	-0.0232731	0.203898	1.96392	0.996937	-0.0736503	0.00687794	0.0253911
1305031106.24327	-0.027932	0.223591	2.00046	0.996881	-0.0731877	0.00557161	0.0289977
1305031106.27639	-0.03285	0.251354	2.02929	0.996818	-0.07374	0.00398178	0.0300208
1305031106.31124	-0.0348228	0.266906	2.05646	0.996437	-0.0774525	0.00296581	0.0332604
1305031106.34326	-0.0471521	0.303551	2.07244	0.996134	-0.0812459	0.00254492	0.0333263
1305031106.37539	-0.0321522	0.310067	2.09813	0.995561	-0.0903058	0.00132972	0.026477
1305031106.41132	-0.024677	0.275452	2.11735	0.994825	-0.0992295	0.00591178	0.0210224
1305031106.44328	-0.0391404	0.248493	2.11053	0.994582	-0.102138	0.00981253	0.0166788
1305031106.47534	-0.0628729	0.219875	2.08523	0.994452	-0.103686	0.0104498	0.0143156
1305031106.51113	-0.0704468	0.191607	2.06039	0.994523	-0.103304	0.0073581	0.0141138
1305031106.5433	-0.0652114	0.184088	2.01252	0.995007	-0.0988902	0.00286207	0.0131911
1305031106.57528	-0.0635132	0.170212	1.95877	0.995342	-0.0956319	0.000768019	0.0121967
1305031106.61115	-0.0676062	0.163522	1.90237	0.995452	-0.0947622	-0.00246708	0.00944824
1305031106.64321	-0.0681348	0.124331	1.85147	0.995322	-0.0961888	-0.00514794	0.00744709
1305031106.67528	-0.0699966	0.121699	1.78362	0.995637	-0.0925789	-0.0086473	0.00787369
1305031106.71151	-0.0762596	0.0937	1.72462	0.995331	-0.0951622	-0.0142437	0.00752358
1305031106.74334	-0.0749323	0.0755863	1.65215	0.995389	-0.0932311	-0.0209541	0.00833786
1305031106.77539	-0.0651093	0.0578295	1.58116	0.995339	-0.09201	-0.0276433	0.00835363
1305031106.81129	-0.0616707	0.0559864	1.5011	0.995323	-0.0908738	-0.0317688	0.00800664
1305031106.84342	-0.0565169	-0.000686719	1.43883	0.994878	-0.0940985	-0.0362423	0.00699583
1305031106.87591	-0.0269915	-0.018392	1.37684	0.995218	-0.0883006	-0.041499	0.00471428
1305031106.91124	-0.0279238	-0.00861054	1.27538	0.995793	-0.082197	-0.0405069	2.95E-005
1305031106.94344	-0.0197658	-0.0536279	1.21119	0.995777	-0.0823621	-0.0403544	-0.00403762
1305031106.97555	-0.0135363	-0.0877057	1.137	0.996264	-0.076863	-0.0387075	-0.00720697
1305031107.01158	-0.022577	-0.070387	1.01351	0.997041	-0.0677256	-0.0346015	-0.0112247
1305031107.04328	-0.0308041	-0.115512	0.946002	0.996967	-0.069818	-0.0315797	-0.0135954
1305031107.07543	-0.0390582	-0.14762	0.869453	0.997277	-0.0656876	-0.030346	-0.0142436
1305031107.11123	-0.0360891	-0.150535	0.77929	0.997606	-0.0600278	-0.0309414	-0.0149129
1305031107.14326	-0.0158118	-0.151246	0.701907	0.997752	-0.0575377	-0.0311186	-0.0145817
1305031107.1754	-0.010364	-0.193907	0.647869	0.997805	-0.05666	-0.0299562	-0.0166785
1305031107.21136	0.0109152	-0.222188	0.588313	0.998115	-0.0510852	-0.0289614	-0.017843
1305031107.24338	0.0109094	-0.216113	0.509242	0.998569	-0.0434454	-0.0251717	-0.0183863
1305031107.2754	0.0301529	-0.239192	0.457156	0.998828	-0.038653	-0.0228087	-0.0181033
1305031107.31123	0.037252	-0.266367	0.412801	0.999102	-0.0322864	-0.0196912	-0.0191106
1305031107.34351	0.0759922	-0.309453	0.353831	0.9994	-0.023495	-0.0177856	-0.0182213
1305031107.37541	0.0825333	-0.287108	0.283853	0.999669	-0.0126947	-0.0124209	-0.0186126
1305031107.41127	0.093701	-0.296423	0.246558	0.999758	-0.00691481	-0.00791734	-0.0193509
1305031107.44342	0.107104	-0.28183	0.211632	0.999811	-0.00072474	-0.0035082	-0.0191259
1305031107.47538	0.119409	-0.284422	0.190685	0.999833	0.00218392	0.000954613	-0.0181146
1305031107.51135	0.11495	-0.256684	0.153214	0.999802	0.00510849	0.00575251	-0.0183477
1305031107.54361	0.133994	-0.266334	0.167431	0.999844	0.00153073	0.0075381	-0.0159047
1305031107.57545	0.143455	-0.294614	0.175985	0.999866	-0.000196737	0.00976405	-0.0131481
1305031107.61127	0.155039	-0.246849	0.168292	0.999868	0.00261837	0.0109547	-0.0117045
1305031107.64332	0.157245	-0.251881	0.179595	0.999864	-0.0014232	0.0125637	-0.0106177
1305031107.67557	0.155049	-0.248468	0.188898	0.999857	-0.00256868	0.0132273	-0.0102136
1305031107.71131	0.151325	-0.228014	0.190617	0.999865	-0.00327092	0.0132757	-0.00912166
1305031107.74354	0.127846	-0.206717	0.200032	0.999855	-0.00582102	0.0130527	-0.00923412
1305031107.7758	0.134445	-0.213456	0.210423	0.999858	-0.00922073	0.00997888	-0.00997886
1305031107.8116	0.141386	-0.197732	0.230521	0.999863	-0.0108121	0.00765352	-0.00988208
1305031107.84333	0.153332	-0.194999	0.247497	0.99983	-0.0134405	0.00658598	-0.0107985
1305031107.87536	0.182937	-0.204901	0.266927	0.999777	-0.0145311	0.00644006	-0.0139343
1305031107.91154	0.195197	-0.204838	0.279226	0.999725	-0.0135619	0.00955319	-0.016593
1305031107.94312	0.24156	-0.214089	0.296551	0.999725	-0.0123163	0.0112068	-0.0165108
1305031107.97581	0.26491	-0.206706	0.308391	0.999693	-0.00915094	0.0159614	-0.0166051
1305031108.01132	0.310381	-0.200151	0.321904	0.999607	-0.0050101	0.0201972	-0.0187854
1305031108.04342	0.374188	-0.197013	0.342735	0.999501	-0.00263201	0.0262304	-0.0173798
1305031108.07535	0.430959	-0.21213	0.346896	0.999301	-0.00256545	0.0352267	-0.0122223
1305031108.11138	0.452883	-0.213091	0.360745	0.999012	0.000101632	0.0427437	-0.012147
1305031108.14333	0.50776	-0.198695	0.378148	0.998848	0.00279737	0.0463897	-0.011991
1305031108.17606	0.568748	-0.156057	0.394206	0.998735	0.00309903	0.049426	-0.00872286
1305031108.21148	0.622645	-0.169054	0.421654	0.998645	-0.00271852	0.0510879	-0.00953537
1305031108.24335	0.719119	-0.197798	0.453409	0.99856	-0.00486089	0.0522492	-0.0111516
1305031108.27536	0.757028	-0.163211	0.463012	0.998258	-0.00288718	0.0577933	-0.0114849
1305031108.31133	0.777495	-0.124201	0.487286	0.99808	-0.00481827	0.0608482	-0.0104876
1305031108.34328	0.822583	-0.114183	0.511542	0.99811	-0.0102974	0.0599936	-0.00839972
1305031108.37541	0.864521	-0.107719	0.534223	0.998192	-0.0156956	0.0579452	-0.00289051
1305031108.41136	0.935867	-0.110649	0.556292	0.998336	-0.0210869	0.0535478	0.00369378
1305031108.44361	1.0082	-0.103733	0.572663	0.998282	-0.0253875	0.0517523	0.0104941
1305031108.47547	1.08582	-0.119774	0.593676	0.998154	-0.0292197	0.0503034	0.0174629
1305031108.51138	1.17815	-0.116795	0.622177	0.997989	-0.0283689	0.0519941	0.0225716
1305031108.54374	1.22551	-0.105389	0.62608	0.997704	-0.0228086	0.0603011	0.0207578
1305031108.57541	1.26709	-0.0732108	0.61993	0.997497	-0.0175264	0.0662432	0.017463
1305031108.61141	1.33082	-0.0737886	0.634846	0.99704	-0.0182124	0.0724742	0.0180866
1305031108.6433	1.36844	-0.056671	0.635206	0.996514	-0.0174262	0.0793036	0.0191542
1305031108.67538	1.43819	-0.0401624	0.644863	0.995979	-0.0197576	0.084458	0.0224195
1305031108.71141	1.47731	-0.0546242	0.655306	0.995004	-0.0247837	0.0929893	0.0265519
1305031108.7435	1.51035	-0.064586	0.662806	0.994383	-0.0268434	0.0985918	0.0275859
1305031108.77549	1.54859	-0.0549421	0.661104	0.99389	-0.0274708	0.102594	0.0300401
1305031108.81124	1.5626	-0.0638223	0.667346	0.993262	-0.0294426	0.106616	0.0345919
1305031108.84326	1.57159	-0.0725346	0.672985	0.992955	-0.0287131	0.107564	0.040562
1305031108.87652	1.57497	-0.0694647	0.663049	0.993023	-0.0263855	0.105161	0.0463732
1305031108.91136	1.58321	-0.100041	0.654443	0.993136	-0.0250247	0.101714	0.0520558
1305031108.94324	1.56001	-0.115762	0.643273	0.993423	-0.020565	0.0993638	0.0530534
1305031108.97527	1.54269	-0.0776227	0.613246	0.99422	-0.0145139	0.0932455	0.0512053
1305031109.01127	1.56001	-0.0753665	0.600479	0.994744	-0.0146892	0.0874744	0.0511607
1305031109.04328	1.51348	-0.0872068	0.592438	0.994879	-0.0144633	0.0875816	0.048331
1305031109.07541	1.4757	-0.0535167	0.570652	0.995381	-0.0140929	0.0846377	0.0430651
1305031109.11128	1.44557	-0.0642901	0.575244	0.995567	-0.0184525	0.0826864	0.040853
1305031109.14333	1.35173	-0.0913755	0.580856	0.995656	-0.0205587	0.0827298	0.0374373
1305031109.17546	1.3055	-0.0624444	0.572145	0.996356	-0.0189129	0.0755707	0.0347168
1305031109.21138	1.25741	-0.0236814	0.568209	0.996572	-0.0215223	0.0708603	0.0368859
1305031109.24329	1.2054	-0.0409545	0.573124	0.996285	-0.0312727	0.0679426	0.0426788
1305031109.27531	1.13374	-0.0794738	0.575642	0.996131	-0.0350628	0.0646304	0.048123
1305031109.31133	1.07829	-0.0590881	0.550541	0.996789	-0.0313945	0.0547582	0.0492742
1305031109.34325	1.00436	-0.0340193	0.539613	0.997249	-0.0325469	0.0456986	0.0484361
1305031109.3754	0.954256	-0.0488416	0.556764	0.997487	-0.0359757	0.0364182	0.0489813
1305031109.41133	0.903655	-0.0293805	0.54664	0.997974	-0.0350573	0.0280516	0.0450834
1305031109.4433	0.842338	-0.0266094	0.54781	0.998202	-0.0387691	0.0227215	0.0396661
1305031109.47536	0.787082	-0.0455782	0.55546	0.998224	-0.0426061	0.0197104	0.0366757
1305031109.51127	0.715954	-0.0662029	0.55475	0.998364	-0.0432998	0.0179641	0.0327374
1305031109.54329	0.655048	-0.0557248	0.541396	0.99862	-0.0397791	0.0159704	0.0303499
1305031109.57536	0.583731	-0.0537304	0.526642	0.998645	-0.0394374	0.0160959	0.029896
1305031109.61131	0.514621	-0.0515427	0.513731	0.99873	-0.0394879	0.0146892	0.0276138
1305031109.64323	0.463161	-0.0524355	0.507184	0.998769	-0.0400222	0.0129248	0.0263012
1305031109.67526	0.382393	-0.0338159	0.501658	0.99862	-0.0414953	0.0133993	0.0292567
1305031109.71131	0.319399	-0.0243948	0.480713	0.998567	-0.0439465	0.0102927	0.0287584
1305031109.74327	0.266613	-0.0309667	0.494035	0.998371	-0.049172	0.00632174	0.0282557
1305031109.77528	0.219125	-0.0343822	0.517935	0.998212	-0.0523781	0.00335929	0.0286067
1305031109.81137	0.137624	-0.0210843	0.508141	0.998157	-0.0538275	0.00357592	0.0278073
1305031109.8433	0.0684559	-0.0196741	0.520299	0.997987	-0.0572898	0.00110249	0.0271901
1305031109.87531	-0.00420584	-0.0319588	0.523442	0.997742	-0.0620553	-0.00191006	0.025625
1305031109.91126	-0.0807007	-0.0480429	0.54728	0.997699	-0.0641637	-0.00713079	0.0207301
1305031109.9433	-0.141632	0.00290754	0.548907	0.997815	-0.0630445	-0.0106368	0.0166574
1305031109.97526	-0.206512	-0.0138103	0.576027	0.997471	-0.0687719	-0.013297	0.0120203
1305031110.01126	-0.273789	-0.00387378	0.591962	0.997373	-0.0704904	-0.0157804	0.00531269
1305031110.0433	-0.327465	-0.00892614	0.611618	0.997129	-0.0735652	-0.0178491	-0.00156646
1305031110.07532	-0.404081	0.00710675	0.622705	0.997008	-0.0750108	-0.017433	-0.00661388
1305031110.11133	-0.486298	-0.00121813	0.634071	0.996534	-0.080442	-0.0179363	-0.0113111
1305031110.14343	-0.543009	-0.0354997	0.652113	0.996132	-0.0838112	-0.0221218	-0.0144191
1305031110.17564	-0.592063	0.00350342	0.653762	0.996066	-0.0832109	-0.0262462	-0.0154919
1305031110.21164	-0.647177	-0.020708	0.669747	0.995481	-0.088654	-0.0295866	-0.0167875
1305031110.24332	-0.701118	-0.0369469	0.682985	0.995237	-0.0900159	-0.033961	-0.0157414
1305031110.27932	-0.728635	-0.0299688	0.695184	0.995222	-0.0877454	-0.0397238	-0.015995
1305031110.3114	-0.791022	-0.0276646	0.685608	0.99533	-0.0849628	-0.0423218	-0.01757
1305031110.34336	-0.845561	-0.0155192	0.676506	0.99525	-0.0833236	-0.0469436	-0.0181857
1305031110.37928	-0.904719	-0.0176949	0.671993	0.994982	-0.0825098	-0.0523522	-0.0214965
1305031110.41147	-0.969582	0.0180124	0.655582	0.994808	-0.0800866	-0.0580378	-0.0239701
1305031110.44326	-1.00931	0.00823789	0.638444	0.993822	-0.0856727	-0.0650678	-0.0272949
1305031110.47933	-1.0727	-0.00957868	0.653325	0.992845	-0.0894167	-0.0719948	-0.0328748
1305031110.51143	-1.1211	-0.00482296	0.659368	0.992073	-0.089601	-0.0803738	-0.0360854
1305031110.54341	-1.16505	0.0310942	0.653346	0.9914	-0.0890601	-0.0876353	-0.0389035
1305031110.57943	-1.19881	0.0452782	0.659132	0.990156	-0.093172	-0.095142	-0.0431011
1305031110.61131	-1.22167	0.0187196	0.697064	0.988862	-0.0989161	-0.10125	-0.0460001
1305031110.64342	-1.25249	0.0166577	0.704389	0.988582	-0.0971097	-0.104644	-0.0482141
1305031110.67961	-1.27903	0.0690582	0.690361	0.988492	-0.0938138	-0.10769	-0.0498469
1305031110.71141	-1.31333	0.0452032	0.705211	0.987691	-0.0991619	-0.109576	-0.0512473
1305031110.74325	-1.34469	0.0400868	0.7071	0.987386	-0.099699	-0.111042	-0.052896
1305031110.77919	-1.34779	0.0515684	0.70427	0.987133	-0.0988808	-0.113907	-0.0530593
1305031110.81139	-1.36142	0.0531525	0.700116	0.986918	-0.0995194	-0.114318	-0.0549564
1305031110.84322	-1.3877	0.0503301	0.704736	0.986477	-0.101375	-0.115366	-0.0572502
1305031110.87931	-1.37512	0.0535018	0.709946	0.986152	-0.101021	-0.118513	-0.0570394
1305031110.91133	-1.36787	0.0536162	0.706814	0.98588	-0.101805	-0.120005	-0.0572245
1305031110.94386	-1.33127	0.0603192	0.720143	0.985395	-0.101185	-0.124218	-0.0576916
1305031110.97935	-1.26583	0.0695773	0.718745	0.98518	-0.100772	-0.126267	-0.0576267
1305031111.01143	-1.21897	0.0474562	0.730067	0.985285	-0.104085	-0.122881	-0.0572754
1305031111.04333	-1.20319	0.045319	0.722174	0.986306	-0.103466	-0.115778	-0.0555915
1305031111.07928	-1.18396	0.0603398	0.714962	0.986769	-0.104614	-0.11157	-0.0538035
1305031111.11151	-1.13088	0.0367534	0.732795	0.986764	-0.107647	-0.110285	-0.0504544
1305031111.14326	-1.08503	0.0263776	0.737302	0.987203	-0.106397	-0.107844	-0.0497941
1305031111.17933	-1.00005	0.0347181	0.747845	0.987711	-0.103188	-0.106421	-0.0495435
1305031111.21143	-0.965101	0.0352626	0.730284	0.989054	-0.101547	-0.0963797	-0.0465891
1305031111.24324	-0.960794	0.00690344	0.723314	0.989457	-0.102714	-0.0904144	-0.04744
1305031111.27931	-0.875728	-0.006663	0.751546	0.989867	-0.0991049	-0.0908347	-0.0457169
1305031111.31155	-0.869941	0.0311163	0.708614	0.99139	-0.093016	-0.0816072	-0.0428169
1305031111.3434	-0.889387	0.0689342	0.700106	0.991469	-0.0934205	-0.0788567	-0.0452073
1305031111.37913	-0.790601	0.00779496	0.731798	0.990926	-0.0965967	-0.0837372	-0.0414993
1305031111.4113	-0.766903	0.0563447	0.704176	0.991818	-0.0879981	-0.0824027	-0.0419787
1305031111.44339	-0.646198	0.0342427	0.725697	0.990671	-0.090033	-0.0918214	-0.0450908
1305031111.47926	-0.458253	-0.0138145	0.773969	0.990492	-0.0898565	-0.094397	-0.0440463
1305031111.51126	-0.428076	-0.0187525	0.748509	0.992026	-0.0857694	-0.0807833	-0.0447428
1305031111.54325	-0.368306	-0.0288511	0.761636	0.992919	-0.0822184	-0.0736758	-0.0438695
1305031111.57924	-0.317841	-0.00995131	0.733249	0.994272	-0.0772336	-0.0628174	-0.0388887
1305031111.61127	-0.333607	-0.0290959	0.698298	0.994893	-0.0793237	-0.0523027	-0.0340713
1305031111.6434	-0.196701	-0.086411	0.752387	0.994762	-0.0796847	-0.0582945	-0.0264526
1305031111.67932	-0.0980727	-0.0382611	0.733481	0.995911	-0.0714504	-0.0519273	-0.0189401
1305031111.71176	-0.0278217	-0.0440177	0.741808	0.99632	-0.0714154	-0.0437746	-0.018185
1305031111.74339	0.110736	-0.0429277	0.798737	0.996962	-0.0668203	-0.0373913	-0.0142466
1305031111.77942	0.165057	-0.027288	0.767948	0.997828	-0.0623754	-0.01766	-0.0116958
1305031111.81141	0.183198	-0.0467095	0.754022	0.998069	-0.0610642	-0.000465157	-0.0113778
1305031111.8433	0.224912	-0.0316864	0.737327	0.998303	-0.0562886	0.0109286	-0.0101793
1305031111.87944	0.227871	-0.0463265	0.695524	0.998055	-0.0575351	0.0228239	-0.00741901
1305031111.91135	0.247229	-0.0810032	0.697721	0.997958	-0.0587331	0.0250063	-0.00231715
1305031111.9433	0.341338	-0.0647296	0.699425	0.99824	-0.0555449	0.0195038	0.00718781
1305031111.97945	0.472202	-0.0414041	0.7236	0.998338	-0.0529441	0.0174374	0.014628
1305031112.01143	0.546538	-0.0434446	0.729578	0.998301	-0.0509222	0.0246084	0.0139981
1305031112.04327	0.615273	-0.0359746	0.724983	0.998328	-0.0463179	0.0327987	0.010949
1305031112.07934	0.678247	-0.0366264	0.728564	0.997981	-0.0439204	0.0449515	0.00914033
1305031112.11142	0.668671	-0.0381673	0.696495	0.997461	-0.0410141	0.0581418	0.0031104
1305031112.14434	0.769288	-0.0218346	0.705385	0.99738	-0.0393633	0.0605988	-0.00329162
1305031112.17939	0.835821	-0.0176629	0.704775	0.99643	-0.041111	0.0734075	-0.00702061
1305031112.21125	0.883957	-0.0490165	0.72433	0.995455	-0.0429788	0.08413	-0.0120341
1305031112.24337	0.944	-0.0707969	0.737099	0.994745	-0.0381408	0.093516	-0.0167761
1305031112.27935	0.960732	-0.0644453	0.739966	0.994042	-0.0321288	0.102101	-0.0205981
1305031112.31131	1.00523	-0.0877761	0.75024	0.993886	-0.0272708	0.104546	-0.0227415
1305031112.34332	1.06376	-0.0682536	0.741446	0.994118	-0.0187533	0.104584	-0.0209745
1305031112.37936	1.10481	-0.0641315	0.741112	0.994316	-0.0143053	0.104023	-0.0176356
1305031112.41144	1.18855	-0.0486116	0.727183	0.99486	-0.0103817	0.0999649	-0.0123683
1305031112.44339	1.25359	-0.0687125	0.724756	0.995053	-0.00914002	0.0987511	-0.00583206
1305031112.47942	1.28912	-0.054523	0.721319	0.995135	-0.00460927	0.0983531	0.00347012
1305031112.5115	1.33553	-0.061318	0.716718	0.995438	-0.00264352	0.0947459	0.0109396
1305031112.54321	1.39726	-0.0631766	0.709159	0.99578	5.23E-005	0.0904899	0.0152751
1305031112.57925	1.44278	-0.0526907	0.703376	0.995938	0.0028677	0.0874619	0.0211833
1305031112.61126	1.54653	-0.0224025	0.695026	0.996032	0.00519102	0.0840702	0.0287408
1305031112.64325	1.58692	-0.0236507	0.70036	0.995258	0.00223879	0.0905393	0.0354898
1305031112.67995	1.60754	-0.0256862	0.723692	0.994484	0.000298778	0.0974681	0.0387368
1305031112.71125	1.61939	-0.0126263	0.725247	0.993966	-0.00093475	0.102012	0.0402901
1305031112.74324	1.63281	0.0416166	0.722533	0.993448	-0.00237142	0.105397	0.0441134
1305031112.77931	1.63382	0.0275481	0.734728	0.992829	-0.0107835	0.109395	0.0469774
1305031112.81131	1.57156	0.000484895	0.754332	0.992482	-0.0138578	0.112891	0.0451951
1305031112.84329	1.56711	0.0362218	0.752507	0.993225	-0.0141813	0.106723	0.0437298
1305031112.87942	1.57221	0.0327584	0.754624	0.993466	-0.0180815	0.102633	0.0465211
1305031112.91141	1.51997	0.0267729	0.764688	0.993426	-0.0212995	0.101536	0.0483971
1305031112.94332	1.49005	0.0159823	0.765984	0.993931	-0.0238272	0.0961873	0.0477644
1305031112.97928	1.47028	0.0160623	0.767996	0.994628	-0.024383	0.0896529	0.0456414
1305031113.01135	1.44481	0.0366818	0.759128	0.994948	-0.0247785	0.0859845	0.0455156
1305031113.04323	1.39724	0.0217443	0.758205	0.994991	-0.0301827	0.0849592	0.0431807
1305031113.07925	1.32424	-0.0352517	0.757306	0.995155	-0.0340585	0.0840159	0.0380498
1305031113.11132	1.27323	-0.0154124	0.738838	0.995909	-0.0302769	0.0785268	0.0328964
1305031113.14331	1.23658	0.0115707	0.7302	0.996178	-0.0312758	0.0749033	0.0322511
1305031113.17934	1.175	-0.0266004	0.72703	0.996029	-0.0361484	0.0737147	0.0344326
1305031113.21126	1.10187	-0.0283059	0.706291	0.996385	-0.0341424	0.0690751	0.0357865
1305031113.24323	1.04043	-0.00939714	0.696072	0.996805	-0.0348989	0.0619375	0.0364095
1305031113.27931	0.982177	-0.045655	0.707992	0.996896	-0.0390325	0.0559491	0.0393105
1305031113.31145	0.902604	-0.0732272	0.696395	0.997183	-0.0353183	0.0499172	0.0434446
1305031113.34325	0.855973	-0.0635171	0.662014	0.997984	-0.0297139	0.0377896	0.0414282
1305031113.37931	0.778868	-0.0543429	0.669874	0.998271	-0.0321827	0.029133	0.0396331
1305031113.41162	0.719567	-0.0737285	0.693016	0.998424	-0.0320622	0.0207339	0.0411314
1305031113.44327	0.634949	-0.0402044	0.68107	0.998897	-0.0280415	0.014182	0.0348966
1305031113.47931	0.546306	-0.0338941	0.68826	0.999054	-0.0310189	0.00765916	0.0295148
1305031113.51152	0.473424	-0.0581552	0.705876	0.998931	-0.0365835	0.00115107	0.0282444
1305031113.54324	0.402895	-0.0717855	0.717774	0.998902	-0.038904	-0.00555126	0.0255208
1305031113.5793	0.329573	-0.0479814	0.713474	0.999035	-0.037208	-0.0107316	0.0207348
1305031113.61127	0.269622	-0.0493242	0.725853	0.998959	-0.0400191	-0.0147762	0.0161566
1305031113.64322	0.209213	-0.0437966	0.74107	0.998899	-0.0421824	-0.0161595	0.0126649
1305031113.67929	0.133764	-0.0497342	0.74141	0.998898	-0.0434738	-0.015217	0.00905391
1305031113.71193	0.0759649	-0.058178	0.751592	0.998893	-0.0441279	-0.0156835	0.00436864
1305031113.74359	0.0162245	-0.0515421	0.750575	0.998983	-0.0429658	-0.0136256	-0.000875023
1305031113.77932	-0.0676617	-0.0631486	0.753442	0.999026	-0.0426105	-0.0101603	-0.00525159
1305031113.81124	-0.129016	-0.0534504	0.755176	0.999085	-0.041057	-0.00964765	-0.00702635
1305031113.8433	-0.195737	-0.0407845	0.754762	0.99907	-0.0410833	-0.00749196	-0.0107715
1305031113.87928	-0.29921	-0.086835	0.768157	0.998963	-0.0423799	-0.00495548	-0.0158839
1305031113.91129	-0.351339	-0.0539159	0.765133	0.999155	-0.0370943	-0.00707376	-0.0162529
1305031113.94329	-0.402839	-0.0582646	0.775938	0.999199	-0.0350676	-0.00603294	-0.0183129
1305031113.97929	-0.482492	-0.0570011	0.770039	0.999214	-0.031648	-0.00340806	-0.0236402
1305031114.01126	-0.571226	-0.0435236	0.762047	0.999195	-0.0276242	-0.00129643	-0.0290769
1305031114.0433	-0.676802	-0.0506922	0.757337	0.999141	-0.0266415	-0.00176712	-0.0317035
1305031114.07929	-0.755573	-0.0531676	0.757216	0.999167	-0.0243108	-0.00659293	-0.0321035
1305031114.11126	-0.813518	-0.0123901	0.763519	0.999114	-0.0193813	-0.0130028	-0.0350119
1305031114.14328	-0.865297	-0.0115146	0.779247	0.998925	-0.019535	-0.01918	-0.03742
1305031114.17934	-0.902294	-0.0341641	0.794978	0.998785	-0.0184221	-0.0235434	-0.0391859
1305031114.2113	-0.973025	0.0205286	0.776153	0.998768	-0.013417	-0.0229657	-0.0418979
1305031114.24334	-1.06433	0.00724546	0.786803	0.998505	-0.0166897	-0.0241338	-0.04611
1305031114.27939	-1.15498	0.0101195	0.787048	0.998309	-0.0163693	-0.028502	-0.0479528
1305031114.31143	-1.19939	0.0198438	0.794937	0.998005	-0.0171626	-0.0378231	-0.0475418
1305031114.34333	-1.21013	0.0232674	0.821728	0.997503	-0.0178955	-0.0471342	-0.0494656
1305031114.37932	-1.25258	0.0184138	0.832031	0.997167	-0.0180217	-0.0499488	-0.0532704
1305031114.4114	-1.32782	0.0273424	0.836465	0.996912	-0.0163751	-0.050188	-0.0581395
1305031114.44335	-1.39692	0.0289332	0.8302	0.996654	-0.0166547	-0.0532943	-0.0596912
1305031114.47933	-1.46316	0.0233359	0.837251	0.996237	-0.0173077	-0.0593495	-0.0607497
1305031114.51127	-1.48698	0.0283077	0.832083	0.995558	-0.0176092	-0.0687161	-0.0619022
1305031114.54324	-1.48531	0.00979106	0.848289	0.9951	-0.021779	-0.0753837	-0.0601647
1305031114.57924	-1.51166	-0.000238362	0.854685	0.995212	-0.0235139	-0.0761194	-0.0566233
1305031114.61139	-1.53414	0.0194751	0.858498	0.995257	-0.0246643	-0.0770998	-0.0539546
1305031114.64414	-1.59007	0.0119286	0.868009	0.99507	-0.0299713	-0.0774989	-0.0541447
1305031114.67925	-1.61385	-0.000796979	0.883315	0.994435	-0.0333132	-0.0837913	-0.0544746
1305031114.71131	-1.59855	-0.0267853	0.887968	0.993832	-0.0354473	-0.090654	-0.0531416
1305031114.7432	-1.59668	-0.0360537	0.88832	0.993298	-0.034898	-0.0946478	-0.0564236
1305031114.77929	-1.57869	-0.0353898	0.88005	0.992914	-0.0325685	-0.097675	-0.0593419
1305031114.8113	-1.56693	-0.0211751	0.864967	0.992901	-0.0316742	-0.0978959	-0.0596787
1305031114.84321	-1.56011	-0.0252154	0.866586	0.992618	-0.0320069	-0.0988801	-0.0625068
1305031114.87928	-1.53974	-0.00463769	0.861038	0.992627	-0.0312022	-0.099431	-0.061896
1305031114.91288	-1.51366	0.00253566	0.852459	0.992495	-0.0320617	-0.100361	-0.0620775
1305031114.94323	-1.46002	0.0199564	0.861679	0.992168	-0.033629	-0.102203	-0.0634509
1305031114.97928	-1.4349	0.0334405	0.863508	0.99233	-0.0352991	-0.0993974	-0.0644657
1305031115.0113	-1.38629	0.0556327	0.867975	0.992169	-0.0385931	-0.0993231	-0.0651696
1305031115.04351	-1.32849	0.0282318	0.889073	0.992013	-0.0441997	-0.0982936	-0.0655291
1305031115.07924	-1.27366	0.0533376	0.89047	0.992235	-0.0440926	-0.0957673	-0.0659853
1305031115.11123	-1.18142	0.0415191	0.912499	0.992292	-0.048439	-0.0940378	-0.0645569
1305031115.14328	-1.14294	0.0196767	0.918127	0.993176	-0.0514906	-0.0836552	-0.062863
1305031115.17944	-1.1246	0.0323362	0.918845	0.993657	-0.0522108	-0.0774493	-0.0626192
1305031115.21137	-1.02752	-0.0175156	0.954648	0.993617	-0.0559752	-0.0778227	-0.0594568
1305031115.2433	-0.967367	-0.0408153	0.955981	0.994399	-0.0528719	-0.0717914	-0.05676
1305031115.27997	-0.899605	0.0128678	0.964783	0.99508	-0.0480919	-0.0689407	-0.0524483
1305031115.3117	-0.764006	-0.0405851	1.01332	0.995257	-0.0516739	-0.0684608	-0.045904
1305031115.34324	-0.698003	-0.00957055	1.00174	0.99631	-0.0453522	-0.0584141	-0.0435517
1305031115.37917	-0.728926	0.0362408	0.969954	0.996874	-0.0471568	-0.0478346	-0.0415922
1305031115.41124	-0.637341	0.00960225	1.00705	0.996188	-0.0552246	-0.0558919	-0.0378869
1305031115.44316	-0.509758	0.00878661	1.03614	0.995953	-0.0585703	-0.0605965	-0.0312327
1305031115.47924	-0.439613	0.0143818	1.04703	0.995915	-0.0626231	-0.059563	-0.0261555
1305031115.51125	-0.272601	0.00630993	1.12305	0.995586	-0.0653798	-0.0638111	-0.021498
1305031115.5436	-0.175139	0.00170885	1.13637	0.996452	-0.0649791	-0.0509974	-0.0161636
1305031115.57931	-0.120724	0.0028709	1.12885	0.997227	-0.0636443	-0.0367754	-0.0116289
1305031115.61142	-0.0519516	0.00218751	1.13131	0.997587	-0.0624935	-0.0295128	-0.00660665
1305031115.64325	0.0237529	-0.0123149	1.12088	0.997861	-0.061617	-0.0218361	0.000706082
1305031115.67924	0.0512197	-0.0420342	1.08248	0.997963	-0.0614693	-0.0142676	0.00939725
1305031115.71132	0.173129	-0.0121317	1.09012	0.99794	-0.0587728	-0.0171943	0.0191092
1305031115.74325	0.301989	-0.0119919	1.11564	0.997866	-0.058519	-0.0133414	0.0256996
1305031115.77943	0.379284	-0.0157799	1.10448	0.997903	-0.0563849	-0.00349018	0.0315996
1305031115.81128	0.447202	-0.00382273	1.07715	0.997696	-0.0551348	0.00751596	0.0388111
1305031115.84322	0.522992	-0.0225907	1.07033	0.997081	-0.0586606	0.0179301	0.0454742
1305031115.8792	0.552617	-0.057148	1.05059	0.996405	-0.059633	0.0281781	0.0531752
1305031115.91112	0.641537	-0.0330277	1.04485	0.996246	-0.0558847	0.030486	0.0586586
1305031115.94331	0.71721	-0.0266383	1.04471	0.995602	-0.0565479	0.0370392	0.0648656
1305031115.98074	0.774672	-0.00761822	1.04729	0.994974	-0.0566842	0.0437761	0.0699762
1305031116.01138	0.893099	0.0078896	1.06125	0.994352	-0.0585779	0.0494808	0.0733785
1305031116.04316	0.945215	0.011928	1.06687	0.993289	-0.0614835	0.0634269	0.0746517
1305031116.08003	0.959139	0.0381348	1.07202	0.991915	-0.0642366	0.0774877	0.0772938
1305031116.1113	1.01051	0.0333723	1.09088	0.990237	-0.0715655	0.0885137	0.0804655
1305031116.14344	1.03166	0.0175746	1.11116	0.988608	-0.076504	0.100091	0.0823603
1305031116.17957	1.07587	0.0305433	1.11641	0.987652	-0.0777927	0.106156	0.0849831
1305031116.2113	1.12932	0.0293865	1.12918	0.986351	-0.0824511	0.112003	0.0881396
1305031116.24332	1.1969	-0.00127916	1.1419	0.984965	-0.0873591	0.117661	0.0914791
1305031116.27939	1.23744	0.0206565	1.13585	0.983645	-0.0853101	0.127605	0.0942445
1305031116.31134	1.26558	0.0269646	1.13219	0.981817	-0.0874604	0.137387	0.0975217
1305031116.34329	1.29544	-0.0285009	1.14204	0.979997	-0.0924297	0.14451	0.100892
1305031116.37938	1.30639	-0.0397082	1.13538	0.979843	-0.0874545	0.148842	0.100521
1305031116.41133	1.29249	0.00911235	1.1101	0.979675	-0.0787229	0.152727	0.103508
1305031116.44337	1.30205	0.0170599	1.09715	0.97822	-0.0804589	0.154603	0.112738
1305031116.47985	1.31066	-0.0163144	1.09134	0.977443	-0.0827625	0.155297	0.116784
1305031116.51121	1.28299	-0.0120717	1.08285	0.978172	-0.0800562	0.155508	0.112197
1305031116.54326	1.24692	-0.00286244	1.07148	0.978915	-0.0766691	0.156062	0.107197
1305031116.57931	1.1883	0.012566	1.07044	0.979271	-0.0752001	0.156327	0.104573
1305031116.61126	1.12002	-0.0163621	1.07484	0.980349	-0.0770198	0.152693	0.0983262
1305031116.64335	1.05915	-0.00354547	1.06394	0.982584	-0.0743142	0.144683	0.0898472
1305031116.67928	1.00493	0.000770108	1.06129	0.984476	-0.0738862	0.136726	0.0815696
1305031116.71163	0.943143	0.0118827	1.04715	0.986089	-0.072493	0.131115	0.0719845
1305031116.74329	0.864649	0.018071	1.04201	0.987317	-0.0738622	0.126546	0.0611177
1305031116.7793	0.792964	0.0178436	1.04351	0.988282	-0.0765325	0.121764	0.051141
1305031116.81132	0.702193	0.00175253	1.04906	0.988947	-0.0774911	0.118844	0.0430685
1305031116.84609	0.595233	0.0206965	1.03835	0.990349	-0.0741985	0.111579	0.0354079
1305031116.88017	0.516949	0.0239258	1.03671	0.991609	-0.0755546	0.100614	0.029681
1305031116.91204	0.422594	0.00970657	1.03691	0.992667	-0.0765311	0.0900708	0.0253503
1305031116.9433	0.353615	0.0304634	1.0283	0.994098	-0.0760561	0.0751055	0.0185583
1305031116.97935	0.272211	0.0323419	1.04055	0.995135	-0.0756956	0.0624839	0.00849976
1305031117.01138	0.189259	0.0423846	1.03333	0.996005	-0.0737698	0.0503268	-0.000300674
1305031117.04326	0.117359	0.0652048	1.02761	0.996513	-0.0731112	0.0397394	-0.00608707
1305031117.07952	0.0555397	0.0864318	1.03659	0.99675	-0.0744688	0.0286648	-0.0110127
1305031117.11124	0.00319007	0.0854802	1.0439	0.996803	-0.0773923	0.0163139	-0.0113568
1305031117.14322	-0.0433147	0.120013	1.0493	0.996874	-0.0779428	0.0047915	-0.0119901
1305031117.17926	-0.082579	0.132235	1.06852	0.996586	-0.0806063	-0.00514113	-0.0170878
1305031117.21136	-0.114039	0.147856	1.0875	0.996387	-0.0815652	-0.012447	-0.0201482
1305031117.24328	-0.115106	0.179198	1.09817	0.996143	-0.0833407	-0.0164785	-0.021959
1305031117.2793	-0.108279	0.162868	1.12526	0.995502	-0.0894102	-0.0177879	-0.0257963
1305031117.3112	-0.131572	0.140558	1.13244	0.99505	-0.094292	-0.0153869	-0.0273344
1305031117.34324	-0.146451	0.122267	1.14282	0.994816	-0.0964782	-0.0154156	-0.028219
1305031117.37945	-0.156648	0.105977	1.15209	0.994851	-0.0960668	-0.0154213	-0.0283554
1305031117.41122	-0.163958	0.0600625	1.14678	0.994776	-0.0968596	-0.0167369	-0.0275488
1305031117.44327	-0.161784	0.0553607	1.14692	0.99515	-0.0928209	-0.0188745	-0.0265371
1305031117.4794	-0.173131	0.0344935	1.15501	0.995369	-0.0908297	-0.0193799	-0.0247855
1305031117.51133	-0.174552	-0.0276206	1.1505	0.995475	-0.0895551	-0.0206774	-0.0241192
1305031117.54429	-0.181963	-0.0428722	1.14039	0.99598	-0.0837323	-0.0210047	-0.0239224
1305031117.57916	-0.190118	-0.0691552	1.14015	0.996169	-0.080581	-0.0224019	-0.0255537
1305031117.61116	-0.193954	-0.0982733	1.1528	0.996253	-0.0793123	-0.0240961	-0.0246719
1305031117.64325	-0.197962	-0.140867	1.16111	0.996324	-0.0781749	-0.0260631	-0.0234128
1305031117.67926	-0.20272	-0.167402	1.16848	0.996324	-0.0774511	-0.0286024	-0.0228406
1305031117.71118	-0.191359	-0.220805	1.19683	0.996141	-0.0791493	-0.0322516	-0.0199504
1305031117.74318	-0.191775	-0.268429	1.21714	0.996114	-0.0793543	-0.0344124	-0.0166082
1305031117.77947	-0.19148	-0.302674	1.22604	0.996105	-0.0787391	-0.0368654	-0.0146983
1305031117.81132	-0.175329	-0.367085	1.26673	0.995803	-0.0812995	-0.0403068	-0.0119577
1305031117.84329	-0.140235	-0.406516	1.29937	0.995928	-0.0786961	-0.0427587	-0.0102711
1305031117.87945	-0.150472	-0.445838	1.3097	0.996216	-0.0769818	-0.0388042	-0.0110767
1305031117.91141	-0.161389	-0.50914	1.33258	0.996249	-0.0776128	-0.0364584	-0.0115805
1305031117.94325	-0.152753	-0.533462	1.35147	0.996484	-0.075082	-0.0354535	-0.0112005
1305031117.97923	-0.18532	-0.574039	1.36506	0.996491	-0.0765117	-0.0314672	-0.0126738
1305031118.01123	-0.177995	-0.644596	1.41302	0.996189	-0.0801214	-0.0321312	-0.0125023
1305031118.04352	-0.168297	-0.687442	1.43602	0.9963	-0.0790542	-0.0316816	-0.0115178
1305031118.07933	-0.161234	-0.725307	1.46226	0.996345	-0.0784702	-0.0311675	-0.0129435
1305031118.11122	-0.144974	-0.776734	1.49512	0.996446	-0.0781599	-0.028101	-0.0140402
1305031118.14326	-0.166656	-0.81944	1.50999	0.996687	-0.0765559	-0.0223042	-0.0160102
1305031118.17932	-0.167196	-0.880577	1.54117	0.996669	-0.0770673	-0.0197841	-0.0178944
1305031118.2112	-0.19172	-0.942299	1.55555	0.996914	-0.0749382	-0.0158854	-0.0171484
1305031118.24317	-0.197616	-0.993407	1.57154	0.997077	-0.0725059	-0.0168106	-0.0172445
1305031118.27919	-0.184355	-1.05127	1.59347	0.997257	-0.0695796	-0.0180887	-0.0176206
1305031118.3113	-0.191941	-1.09348	1.6029	0.99768	-0.0630899	-0.0180314	-0.0181188
1305031118.34332	-0.173225	-1.11014	1.61903	0.997998	-0.0574615	-0.0182887	-0.0190523
1305031118.37921	-0.198301	-1.15121	1.62606	0.998216	-0.0537715	-0.015284	-0.0209813
1305031118.4113	-0.205358	-1.15772	1.62644	0.998394	-0.0498972	-0.0167587	-0.0209327
1305031118.44569	-0.193448	-1.16219	1.64218	0.998498	-0.0488189	-0.0174688	-0.0176974
1305031118.47929	-0.198697	-1.18739	1.64646	0.998515	-0.049079	-0.0174005	-0.0159956
1305031118.51126	-0.176683	-1.15327	1.65258	0.99871	-0.0448474	-0.0190269	-0.0143265
1305031118.54441	-0.171593	-1.11933	1.64364	0.998719	-0.0448337	-0.0183037	-0.0146469
1305031118.57928	-0.156946	-1.10985	1.65391	0.998622	-0.0470469	-0.0181604	-0.0145551
1305031118.61614	-0.149018	-1.07696	1.64831	0.998635	-0.0465046	-0.0164853	-0.0171226
1305031118.64533	-0.16791	-1.02916	1.62922	0.998642	-0.0461966	-0.0128896	-0.0203572
1305031118.6793	-0.172893	-1.00972	1.62163	0.998418	-0.0504022	-0.0114835	-0.0221093
1305031118.71142	-0.18252	-0.998307	1.61555	0.998253	-0.052397	-0.0113856	-0.0248146
1305031118.74677	-0.210006	-0.946051	1.57829	0.998403	-0.0494542	-0.0117905	-0.0246393
1305031118.77928	-0.203295	-0.848893	1.54344	0.99835	-0.0489891	-0.0158699	-0.0254003
1305031118.81122	-0.184306	-0.863191	1.55167	0.997854	-0.056758	-0.0193141	-0.0263111
1305031118.84675	-0.162715	-0.803384	1.53184	0.998129	-0.0516594	-0.0205737	-0.02543
1305031118.87921	-0.163021	-0.680227	1.47139	0.998357	-0.0465572	-0.0179375	-0.0281712
1305031118.91118	-0.17078	-0.665721	1.45959	0.998079	-0.0513318	-0.0164116	-0.030562
1305031118.94697	-0.170613	-0.596481	1.42224	0.998153	-0.0492247	-0.0150088	-0.0322797
1305031118.97937	-0.180501	-0.508052	1.37987	0.998098	-0.0483484	-0.0134756	-0.0357964
1305031119.01136	-0.189966	-0.464281	1.35625	0.9978	-0.0528357	-0.0133494	-0.0377531
1305031119.04717	-0.201872	-0.422486	1.3289	0.997649	-0.055173	-0.0133265	-0.0383919
1305031119.07922	-0.221117	-0.381323	1.28625	0.997565	-0.0561604	-0.0143379	-0.0387976
1305031119.11133	-0.222196	-0.331658	1.2586	0.997521	-0.0564116	-0.018083	-0.0379769
1305031119.14762	-0.230258	-0.277461	1.21903	0.997507	-0.056521	-0.0209309	-0.036707
1305031119.17923	-0.231727	-0.246319	1.20115	0.997345	-0.0574853	-0.0253107	-0.0368369
1305031119.21136	-0.219795	-0.173587	1.16965	0.997579	-0.0531556	-0.0279907	-0.0350393
1305031119.2474	-0.218029	-0.132124	1.14239	0.997572	-0.053181	-0.0294087	-0.0340169
1305031119.27921	-0.220133	-0.0744909	1.11338	0.99758	-0.0522077	-0.0301688	-0.0346162
1305031119.31121	-0.226115	-0.0279736	1.09073	0.997673	-0.0522634	-0.0300712	-0.031824
1305031119.34774	-0.230727	0.00756623	1.06639	0.997716	-0.0519529	-0.0315128	-0.02951
1305031119.37924	-0.225795	0.0794647	1.03937	0.997755	-0.0498333	-0.0339741	-0.0291033
1305031119.41148	-0.202452	0.123034	1.03321	0.997667	-0.0509365	-0.0354037	-0.028495
1305031119.44771	-0.203462	0.16121	1.01844	0.997702	-0.0520848	-0.0327876	-0.0283346
1305031119.47927	-0.216399	0.231427	0.988245	0.997919	-0.048908	-0.0296801	-0.0297428
1305031119.51124	-0.228092	0.280231	0.96675	0.997915	-0.0505829	-0.0277401	-0.0289266
1305031119.54738	-0.225236	0.340716	0.951797	0.997926	-0.0512567	-0.0280142	-0.027063
1305031119.57956	-0.214616	0.424466	0.934775	0.997936	-0.0512163	-0.0273499	-0.0274475
1305031119.61502	-0.222647	0.447778	0.927015	0.997712	-0.0569336	-0.0249468	-0.0265761
1305031119.6479	-0.232541	0.518694	0.907638	0.997677	-0.0583256	-0.0236299	-0.0260766
1305031119.67921	-0.21449	0.585147	0.914139	0.997446	-0.0616375	-0.0227401	-0.028032
1305031119.71523	-0.223503	0.614199	0.909815	0.997135	-0.0688688	-0.0175172	-0.0259214
1305031119.74719	-0.243404	0.639977	0.891956	0.996936	-0.0739779	-0.0145482	-0.0208339
1305031119.77917	-0.246405	0.683164	0.891787	0.996722	-0.0770923	-0.0161108	-0.0185285
1305031119.81454	-0.243569	0.731922	0.890326	0.996638	-0.0787595	-0.017084	-0.0147574
1305031119.84743	-0.236702	0.774957	0.887071	0.996472	-0.081619	-0.0163721	-0.0106977
1305031119.87921	-0.235673	0.798473	0.887095	0.996382	-0.083015	-0.0148268	-0.0105231
1305031119.9114	-0.246723	0.872285	0.85901	0.996647	-0.0802812	-0.0118477	-0.0104247
1305031119.94739	-0.24997	0.896897	0.859708	0.996207	-0.0857523	-0.0099194	-0.0109523
1305031119.97954	-0.243635	0.928326	0.857884	0.99605	-0.0876663	-0.00724155	-0.012076
1305031120.01526	-0.262693	0.989978	0.833829	0.995904	-0.0897402	-0.00217956	-0.0108403
1305031120.04729	-0.272248	0.964374	0.842016	0.994863	-0.100854	-0.00106045	-0.00868869
1305031120.07942	-0.277487	0.972077	0.839595	0.994752	-0.102083	-0.00289589	-0.0062532
1305031120.11523	-0.279495	0.987192	0.836016	0.99466	-0.102978	-0.00502007	-0.00456235
1305031120.14816	-0.2623	0.957635	0.848042	0.994215	-0.10712	-0.00722094	-0.00320654
1305031120.17925	-0.232918	0.920322	0.871279	0.994059	-0.108402	-0.0097707	0.000100401
1305031120.21525	-0.23384	0.880922	0.857785	0.994373	-0.105527	-0.00931533	7.38E-005
1305031120.248	-0.232163	0.872388	0.858189	0.994903	-0.100366	-0.00948399	-0.00240018
1305031120.27943	-0.231268	0.833291	0.864924	0.995126	-0.0981324	-0.00876081	-0.00428324
1305031120.3152	-0.231901	0.790151	0.874581	0.995304	-0.0962254	-0.00839217	-0.00640613
1305031120.34779	-0.230169	0.743649	0.887669	0.995563	-0.0933599	-0.00819939	-0.00842492
1305031120.37944	-0.225086	0.693031	0.907274	0.995647	-0.092336	-0.00890656	-0.00905803
1305031120.41545	-0.207879	0.60923	0.939886	0.995933	-0.0890315	-0.0111054	-0.00825773
1305031120.44742	-0.214764	0.594739	0.942122	0.996737	-0.0794302	-0.0111088	-0.00912703
1305031120.47943	-0.204212	0.528454	0.98002	0.996829	-0.0781612	-0.0128198	-0.00758626
1305031120.51482	-0.204501	0.469572	1.00184	0.997254	-0.0723757	-0.0147519	-0.00536006
1305031120.54774	-0.201915	0.432289	1.01377	0.997706	-0.0651926	-0.0179224	-0.0033248
1305031120.57955	-0.20504	0.405333	1.02746	0.997944	-0.0603762	-0.0215266	6.06E-005
1305031120.61524	-0.192628	0.3514	1.06145	0.997965	-0.0578251	-0.026724	0.00270043
1305031120.64735	-0.179885	0.32095	1.08162	0.998187	-0.0518581	-0.0303929	0.00319764
1305031120.67932	-0.168118	0.28857	1.10626	0.998267	-0.0487749	-0.0326231	0.00448934
1305031120.71452	-0.171597	0.241281	1.12495	0.998345	-0.0469967	-0.0327831	0.00491442
1305031120.74737	-0.172993	0.191444	1.14576	0.998304	-0.0462747	-0.0349355	0.00529856
1305031120.77989	-0.150615	0.137624	1.17577	0.998226	-0.0448489	-0.0387018	0.00594578
1305031120.81494	-0.157504	0.110006	1.18237	0.998413	-0.0410406	-0.0382591	0.00478046
1305031120.84792	-0.150603	0.0611156	1.20636	0.998308	-0.0421679	-0.0398684	0.00358467
1305031120.88344	-0.126496	0.0125154	1.23943	0.998318	-0.0403621	-0.0415286	0.00267178
1305031120.91544	-0.143337	-0.0195278	1.23585	0.998529	-0.038088	-0.0385906	-2.19E-005
1305031120.94749	-0.143343	-0.0739609	1.25258	0.9985	-0.038838	-0.0385246	-0.00217713
1305031120.98337	-0.148906	-0.127344	1.2662	0.998492	-0.039155	-0.0382462	-0.00415372
1305031121.01502	-0.1462	-0.174108	1.28836	0.998497	-0.0378172	-0.0393678	-0.00490756
1305031121.0475	-0.155149	-0.199748	1.29388	0.998586	-0.0359978	-0.0386243	-0.00622185
1305031121.0831	-0.160569	-0.268403	1.31778	0.998508	-0.0365808	-0.0398666	-0.007376
1305031121.1147	-0.154958	-0.306175	1.3221	0.998546	-0.0336791	-0.0415656	-0.00660391
1305031121.14733	-0.158368	-0.349266	1.33271	0.998573	-0.0320334	-0.0421505	-0.00701923
1305031121.18327	-0.159464	-0.399509	1.34336	0.998551	-0.0305935	-0.0435763	-0.00778785
1305031121.21142	-0.133484	-0.453411	1.37028	0.998531	-0.0289216	-0.045251	-0.00723034
1305031121.24719	-0.163784	-0.485643	1.36837	0.998744	-0.0261905	-0.0418578	-0.00847977
1305031121.28288	-0.160571	-0.548304	1.38724	0.99864	-0.0276732	-0.0436128	-0.00713177
1305031121.31357	-0.146098	-0.608475	1.40905	0.99864	-0.0260799	-0.0447546	-0.00594108
1305031121.34752	-0.169825	-0.637173	1.41301	0.998729	-0.0231693	-0.0444235	-0.00550008
1305031121.38323	-0.134943	-0.707442	1.45283	0.998538	-0.0235791	-0.0485155	-0.00354612
1305031121.41432	-0.137681	-0.741868	1.46454	0.998694	-0.0184645	-0.0474193	-0.00455057
1305031121.44732	-0.143444	-0.773709	1.4739	0.998768	-0.0166439	-0.0465992	-0.00384557
1305031121.48296	-0.115416	-0.842031	1.51187	0.998775	-0.0167859	-0.0465306	-0.00141943
1305031121.51411	-0.144409	-0.861571	1.50059	0.999004	-0.0122394	-0.0428977	-0.00121102
1305031121.54727	-0.139254	-0.886652	1.51691	0.99898	-0.0129405	-0.0432564	-0.000615442
1305031121.5832	-0.134877	-0.953132	1.54366	0.998981	-0.0158531	-0.0422429	-0.00127587
1305031121.6147	-0.126746	-0.988426	1.56215	0.999045	-0.0145585	-0.0411436	-0.00219022
1305031121.64718	-0.118133	-0.997937	1.58055	0.9992	-0.0126185	-0.0377072	-0.00434212
1305031121.6832	-0.150156	-1.05024	1.58232	0.999338	-0.0159733	-0.032077	-0.0063483
1305031121.71452	-0.165971	-1.10026	1.58463	0.999372	-0.0175086	-0.0303007	-0.00560417
1305031121.74714	-0.158565	-1.11346	1.60355	0.999347	-0.0185103	-0.0306807	-0.0046073
1305031121.78284	-0.153254	-1.15361	1.62513	0.99931	-0.0209652	-0.0305823	-0.00227218
1305031121.81154	-0.135111	-1.16824	1.6434	0.999298	-0.0217834	-0.0304688	0.000109832
1305031121.84734	-0.145138	-1.18869	1.6482	0.999317	-0.0239684	-0.0279668	0.0028355
1305031121.88206	-0.15185	-1.20642	1.64902	0.999236	-0.0267237	-0.0270861	0.00890662
1305031121.91493	-0.157004	-1.2143	1.64787	0.999124	-0.0287125	-0.0284398	0.0108884
1305031121.94729	-0.13358	-1.21011	1.66288	0.999016	-0.0284666	-0.0321589	0.011048
1305031121.98293	-0.130358	-1.17604	1.65781	0.999069	-0.0271105	-0.0318407	0.0105729
1305031122.01426	-0.146546	-1.16412	1.64627	0.999109	-0.0277176	-0.0308362	0.00790103
1305031122.04731	-0.14261	-1.13081	1.63387	0.999118	-0.0261133	-0.0325806	0.00447385
1305031122.08296	-0.132856	-1.10235	1.62864	0.999093	-0.0257995	-0.0338693	0.00115752
1305031122.11467	-0.145613	-1.03839	1.59897	0.999188	-0.0228242	-0.0330778	-0.00288034
1305031122.15073	-0.137388	-0.987939	1.58953	0.999124	-0.0227485	-0.0341545	-0.00823111
1305031122.18304	-0.138711	-0.91922	1.57162	0.999179	-0.019382	-0.0330297	-0.0132163
1305031122.21496	-0.16491	-0.771257	1.5307	0.999262	-0.015955	-0.0295157	-0.018716
1305031122.25132	-0.168728	-0.764433	1.52683	0.999049	-0.0241345	-0.0289335	-0.0219366
1305031122.28356	-0.190999	-0.687687	1.487	0.99903	-0.0233122	-0.0282226	-0.0244743
1305031122.31429	-0.207348	-0.591907	1.45971	0.998763	-0.0270295	-0.0296388	-0.0293867
1305031122.35133	-0.20153	-0.573756	1.44947	0.998343	-0.0356228	-0.0326193	-0.031263
1305031122.38263	-0.22342	-0.520196	1.41602	0.998093	-0.0407174	-0.0332108	-0.0323808
1305031122.415	-0.235154	-0.49453	1.39396	0.997739	-0.0458876	-0.036742	-0.0325679
1305031122.45126	-0.235348	-0.435671	1.36008	0.997527	-0.0474983	-0.0414594	-0.0310567
1305031122.48336	-0.232244	-0.396475	1.34208	0.997107	-0.0513461	-0.0468005	-0.0308287
1305031122.5151	-0.218499	-0.34261	1.3223	0.996776	-0.0524643	-0.0518201	-0.0316213
1305031122.55149	-0.199007	-0.287795	1.29942	0.996541	-0.0538096	-0.0540714	-0.0329651
1305031122.58321	-0.203597	-0.242043	1.27782	0.996483	-0.0553609	-0.0524989	-0.0346517
1305031122.61498	-0.228336	-0.207999	1.25179	0.996502	-0.0567373	-0.0511277	-0.0339149
1305031122.64879	-0.225687	-0.137032	1.23396	0.996577	-0.054076	-0.0534746	-0.0324244
1305031122.6834	-0.22703	-0.0857884	1.20792	0.996586	-0.0537332	-0.0545276	-0.0309137
1305031122.71521	-0.236329	-0.042571	1.18153	0.996527	-0.0540573	-0.0565792	-0.0284738
1305031122.7513	-0.226033	0.0395675	1.15807	0.996459	-0.051874	-0.0598202	-0.0282757
1305031122.78342	-0.229622	0.129666	1.14076	0.996418	-0.0527237	-0.0596142	-0.0285902
1305031122.81256	-0.214928	0.15769	1.15038	0.996014	-0.0591474	-0.0601793	-0.0289118
1305031122.85142	-0.185673	0.207627	1.1544	0.99597	-0.0607071	-0.0584799	-0.0306292
1305031122.88375	-0.209057	0.252815	1.12879	0.996206	-0.0641051	-0.0502506	-0.0306505
1305031122.91457	-0.23117	0.274846	1.11536	0.996118	-0.0686784	-0.0463152	-0.029789
1305031122.95134	-0.23781	0.305005	1.10115	0.996094	-0.0700212	-0.0451176	-0.029294
1305031122.98282	-0.253353	0.358837	1.07821	0.996189	-0.0707942	-0.0438942	-0.0258451
1305031123.01545	-0.241196	0.379813	1.07604	0.995918	-0.0743154	-0.0460751	-0.0223771
1305031123.05183	-0.233455	0.406749	1.06955	0.995945	-0.0743754	-0.0461685	-0.0207606
1305031123.08298	-0.240979	0.472352	1.04448	0.996218	-0.0722747	-0.0444886	-0.0186157
1305031123.11387	-0.24646	0.51925	1.01985	0.996135	-0.0751038	-0.0422959	-0.0168986
1305031123.15082	-0.243156	0.564236	1.02778	0.995938	-0.0777962	-0.0424078	-0.0159958
1305031123.18216	-0.22332	0.629982	1.02475	0.9959	-0.0786277	-0.0419923	-0.0154385
1305031123.2147	-0.221763	0.679112	1.01807	0.995729	-0.0830185	-0.0371117	-0.0159268
1305031123.25062	-0.22943	0.753071	1.00708	0.995552	-0.0865802	-0.032734	-0.0175507
1305031123.28235	-0.220398	0.7909	1.01998	0.994817	-0.0959582	-0.0303148	-0.0145797
1305031123.31133	-0.220071	0.82093	1.02572	0.994272	-0.102643	-0.0261167	-0.0143286
1305031123.35048	-0.222509	0.85404	1.02709	0.993771	-0.108432	-0.0214563	-0.0142048
1305031123.38226	-0.209957	0.897046	1.02723	0.993372	-0.113112	-0.0174662	-0.0105777
1305031123.41136	-0.217364	0.912124	1.02508	0.992878	-0.118171	-0.01179	-0.00944739
1305031123.45126	-0.217922	0.964543	1.01391	0.9928	-0.119176	-0.00908412	-0.00797739
1305031123.48359	-0.209925	1.0129	1.00989	0.992432	-0.122516	-0.00757216	-0.00325029
1305031123.51136	-0.208715	1.03014	1.00623	0.991858	-0.127219	-0.00574531	-0.00060842
1305031123.55151	-0.20099	1.06208	0.996777	0.991583	-0.129315	-0.00622223	0.00155726
1305031123.57958	-0.197177	1.1098	0.997318	0.991459	-0.130204	-0.0056967	0.00489934
1305031123.61134	-0.185007	1.14932	0.982642	0.991332	-0.131153	-0.00482552	0.0061008
1305031123.65241	-0.180965	1.18812	0.98433	0.990846	-0.134841	-0.00269768	0.00597551
1305031123.68375	-0.175932	1.2178	0.985443	0.990269	-0.139005	0.000843831	0.00661283
1305031123.71132	-0.176517	1.24617	0.982842	0.989615	-0.14345	0.00490661	0.00768905
1305031123.75172	-0.168202	1.28353	0.981858	0.989406	-0.144697	0.00606994	0.0101048
1305031123.78386	-0.167909	1.31366	0.972981	0.989424	-0.14441	0.00573225	0.0123348
1305031123.81161	-0.167146	1.31973	0.968956	0.989239	-0.145602	0.00560642	0.0132179
1305031123.85144	-0.166392	1.32876	0.966886	0.989146	-0.145977	0.00555222	0.0157929
1305031123.88379	-0.174788	1.34214	0.969759	0.98946	-0.143704	0.00493177	0.0171611
1305031123.91124	-0.16836	1.31727	0.968751	0.989728	-0.142052	0.00291917	0.0158195
1305031123.95144	-0.165494	1.29196	0.964763	0.989415	-0.144052	0.00219607	0.0173871
1305031123.98342	-0.171031	1.27828	0.973591	0.989246	-0.144948	0.000411912	0.0195705
1305031124.0113	-0.170342	1.24508	0.981279	0.989907	-0.140321	-0.00369555	0.0194975
1305031124.05151	-0.165239	1.19564	0.9857	0.990139	-0.13854	-0.00722424	0.019468
1305031124.08384	-0.171499	1.18539	1.00334	0.990545	-0.135301	-0.00955437	0.020561
1305031124.11133	-0.173078	1.14722	1.01706	0.991407	-0.128755	-0.0123226	0.0195517
1305031124.14745	-0.183854	1.09199	1.01304	0.991809	-0.125844	-0.0123885	0.0180183
1305031124.18269	-0.18026	1.03213	1.03452	0.99168	-0.126945	-0.0139586	0.0161455
1305031124.2114	-0.174592	0.984332	1.05308	0.992433	-0.120919	-0.015639	0.0145054
1305031124.24933	-0.19195	0.952611	1.04736	0.993196	-0.114681	-0.0151375	0.0134582
1305031124.28255	-0.204414	0.921702	1.05338	0.993318	-0.11315	-0.0182666	0.013539
1305031124.31136	-0.188444	0.850208	1.07497	0.993361	-0.111678	-0.0236405	0.0142666
1305031124.35035	-0.188647	0.819237	1.08065	0.993999	-0.105189	-0.027051	0.0130455
1305031124.38242	-0.176311	0.768627	1.0958	0.994271	-0.101787	-0.0303845	0.0118681
1305031124.41144	-0.175649	0.704772	1.10729	0.994629	-0.0978015	-0.0318117	0.0116712
1305031124.45024	-0.16124	0.647742	1.11982	0.995177	-0.0913315	-0.0345328	0.00942362
1305031124.4801	-0.164447	0.585769	1.12691	0.995668	-0.0856777	-0.0354218	0.00699531
1305031124.51132	-0.168412	0.548754	1.1315	0.99627	-0.0778055	-0.0370143	0.00482693
1305031124.55044	-0.175022	0.498298	1.14059	0.996575	-0.0732507	-0.038335	0.00194835
1305031124.5794	-0.174643	0.437038	1.1574	0.996707	-0.0699056	-0.0411002	-0.000149591
1305031124.61136	-0.171014	0.376197	1.17305	0.996894	-0.0653654	-0.0438954	-0.00194187
1305031124.65127	-0.168701	0.332009	1.18661	0.997077	-0.0604716	-0.0465466	-0.00369666
1305031124.67936	-0.150594	0.262793	1.21406	0.997086	-0.057472	-0.0499001	-0.00506734
1305031124.71125	-0.151354	0.221815	1.22722	0.997378	-0.0519145	-0.0498889	-0.0072412
1305031124.74989	-0.149346	0.163487	1.25121	0.997459	-0.0496055	-0.0504018	-0.00858595
1305031124.77937	-0.144874	0.103475	1.27473	0.99751	-0.0465763	-0.052217	-0.008769
1305031124.81136	-0.142614	0.0574105	1.29747	0.997573	-0.0438038	-0.0533659	-0.00904937
1305031124.85053	-0.138926	-0.0123981	1.33216	0.997441	-0.0444983	-0.055181	-0.00926996
1305031124.87936	-0.11231	-0.067289	1.37558	0.997432	-0.042022	-0.0572428	-0.0092897
1305031124.91145	-0.117602	-0.106481	1.38756	0.997702	-0.0397408	-0.0540259	-0.0095816
1305031124.95073	-0.11668	-0.174618	1.42763	0.997599	-0.0436087	-0.0529384	-0.0096317
1305031124.97944	-0.124851	-0.265328	1.46983	0.997635	-0.0443101	-0.0518996	-0.00818494
1305031125.01145	-0.139364	-0.311158	1.48427	0.997777	-0.0392724	-0.0534219	-0.00667736
1305031125.05076	-0.119553	-0.327623	1.50273	0.997753	-0.0351476	-0.0567178	-0.00608375
1305031125.07936	-0.120736	-0.389865	1.53181	0.997768	-0.0370414	-0.0554943	-0.00270726
1305031125.11136	-0.121207	-0.456947	1.56348	0.997681	-0.0371084	-0.0570286	-0.00185301
1305031125.15101	-0.0991278	-0.483603	1.58823	0.99773	-0.0321562	-0.0591058	-0.0027413
1305031125.17935	-0.111006	-0.495338	1.58846	0.997987	-0.0309396	-0.0553136	-0.00211378
1305031125.21132	-0.120284	-0.569942	1.61707	0.99791	-0.0359084	-0.0536762	-0.00232196
1305031125.25063	-0.129657	-0.637207	1.63963	0.997944	-0.0350483	-0.0534178	-0.00502438
1305031125.27947	-0.12972	-0.650058	1.64418	0.998085	-0.0308283	-0.0533494	-0.00541644
1305031125.31149	-0.128659	-0.701705	1.67197	0.998149	-0.0313922	-0.0518841	-0.00470387
1305031125.34888	-0.136501	-0.723332	1.67752	0.998328	-0.0267109	-0.0506449	-0.00796532
1305031125.3794	-0.11965	-0.742787	1.70682	0.998345	-0.0263208	-0.0497522	-0.0117588
1305031125.41134	-0.117322	-0.76028	1.72611	0.998638	-0.0258856	-0.0436244	-0.0121906
1305031125.4512	-0.135462	-0.801761	1.7354	0.998749	-0.0297722	-0.0373864	-0.0147049
1305031125.47942	-0.132597	-0.849026	1.75548	0.99883	-0.0302879	-0.0339559	-0.0163696
1305031125.51132	-0.145394	-0.847591	1.75098	0.999011	-0.0288806	-0.0291792	-0.0170871
1305031125.55102	-0.138478	-0.85349	1.76148	0.999034	-0.029183	-0.0268571	-0.0189231
1305031125.57931	-0.138886	-0.870803	1.76828	0.99901	-0.031264	-0.0232803	-0.0214315
1305031125.61153	-0.157198	-0.912081	1.76376	0.999046	-0.0323657	-0.0187591	-0.0225103
1305031125.65057	-0.186103	-0.930574	1.73241	0.999256	-0.0285805	-0.0166218	-0.0198727
1305031125.67933	-0.212227	-0.892097	1.69186	0.999362	-0.0231747	-0.0190798	-0.0193319
1305031125.71144	-0.188586	-0.899544	1.69392	0.999255	-0.0227732	-0.0261677	-0.0169331
1305031125.75126	-0.168969	-0.818873	1.66444	0.999333	-0.0149407	-0.0296337	-0.0152491
1305031125.77935	-0.159554	-0.786303	1.65193	0.999236	-0.0152417	-0.0311763	-0.0179823
1305031125.81157	-0.153895	-0.722188	1.62907	0.999266	-0.0131888	-0.0306045	-0.0189088
1305031125.84741	-0.163528	-0.700457	1.61057	0.999226	-0.016383	-0.0285319	-0.0215503
1305031125.87932	-0.186756	-0.650082	1.57754	0.999249	-0.0155051	-0.0275582	-0.0224108
1305031125.91131	-0.211013	-0.595692	1.53923	0.999162	-0.0188449	-0.0289715	-0.0219457
1305031125.94734	-0.223051	-0.580483	1.52209	0.998928	-0.0235806	-0.0349144	-0.0191676
1305031125.97932	-0.206693	-0.513731	1.49763	0.998673	-0.0229179	-0.0433512	-0.0157048
1305031126.01133	-0.180257	-0.455215	1.49132	0.998289	-0.0251221	-0.0505113	-0.0153891
1305031126.04732	-0.144367	-0.37666	1.49059	0.998072	-0.0268545	-0.0541591	-0.0140787
1305031126.07936	-0.142952	-0.316099	1.48246	0.99804	-0.0310788	-0.052534	-0.0138072
1305031126.11137	-0.136675	-0.273752	1.47914	0.997896	-0.0356494	-0.0521745	-0.01451
1305031126.14743	-0.141178	-0.188873	1.4522	0.997985	-0.0366883	-0.0501288	-0.0129217
1305031126.17938	-0.150341	-0.130466	1.44008	0.997734	-0.0436823	-0.0495691	-0.012746
1305031126.21132	-0.13268	-0.0941223	1.4497	0.997369	-0.049527	-0.0515082	-0.0122071
1305031126.2473	-0.129552	-0.0114259	1.43211	0.997366	-0.0510197	-0.0501167	-0.0121351
1305031126.27936	-0.117685	0.048152	1.42448	0.997172	-0.0555289	-0.0491505	-0.0122143
1305031126.31133	-0.115734	0.10831	1.41335	0.997029	-0.0600659	-0.045985	-0.0145277
1305031126.34736	-0.116856	0.150638	1.40479	0.996826	-0.065641	-0.0421018	-0.0159891
1305031126.37942	-0.131989	0.199138	1.386	0.996685	-0.0696757	-0.0380311	-0.0178307
1305031126.41147	-0.133422	0.253124	1.37365	0.996379	-0.074434	-0.0363653	-0.0191407
1305031126.44736	-0.136052	0.279001	1.36641	0.995979	-0.080469	-0.0348747	-0.0182905
1305031126.47953	-0.148791	0.309351	1.33749	0.995762	-0.084048	-0.0337495	-0.0159774
1305031126.51141	-0.148756	0.380705	1.31124	0.995578	-0.0859101	-0.0351635	-0.0144183
1305031126.54737	-0.128065	0.418554	1.31924	0.994892	-0.0929012	-0.0371851	-0.0133097
1305031126.57945	-0.122596	0.460062	1.31263	0.994572	-0.0972074	-0.0351863	-0.0117746
1305031126.61153	-0.125517	0.493718	1.30322	0.994059	-0.103226	-0.0328763	-0.0105166
1305031126.64738	-0.109226	0.507428	1.30872	0.993514	-0.108726	-0.0322414	-0.00833135
1305031126.67948	-0.107516	0.534201	1.28868	0.993405	-0.110701	-0.0295942	-0.00398027
1305031126.71158	-0.105791	0.568404	1.27975	0.993218	-0.11287	-0.0278594	-0.00159686
1305031126.74732	-0.0988388	0.575933	1.28116	0.993019	-0.114923	-0.0265199	0.00155667
1305031126.77938	-0.0973688	0.61422	1.2628	0.993235	-0.113256	-0.0252328	0.00462873
1305031126.8116	-0.0764089	0.636233	1.2612	0.993239	-0.113343	-0.0245227	0.00530026
1305031126.84734	-0.0793897	0.650126	1.24345	0.993288	-0.1138	-0.0199652	0.00555987
1305031126.87936	-0.0780541	0.661304	1.23237	0.993247	-0.114482	-0.0179172	0.00571627
1305031126.91136	-0.0714757	0.662647	1.2267	0.993197	-0.115208	-0.0161293	0.00513626
1305031126.94744	-0.0784883	0.665123	1.21366	0.993095	-0.11626	-0.0141799	0.00668978
1305031126.97934	-0.0758921	0.656505	1.21431	0.992927	-0.11747	-0.0152329	0.00797257
1305031127.01137	-0.0708088	0.657596	1.21081	0.993111	-0.11572	-0.0165154	0.00817135
1305031127.0473	-0.0693323	0.662571	1.20594	0.99324	-0.114469	-0.0168573	0.00930041
1305031127.0793	-0.0726076	0.653035	1.20784	0.993108	-0.115565	-0.0170432	0.00950649
1305031127.11144	-0.0789506	0.638639	1.20748	0.993005	-0.116071	-0.0187042	0.0108848
1305031127.14731	-0.0774564	0.624806	1.21194	0.993014	-0.115236	-0.0224042	0.0118967
1305031127.17935	-0.0763239	0.627163	1.21395	0.993297	-0.112189	-0.0255324	0.0110904
1305031127.2117	-0.069154	0.622829	1.22181	0.993351	-0.111219	-0.0275472	0.0111711
1305031127.24737	-0.0646398	0.602818	1.23284	0.993479	-0.109966	-0.0282742	0.0103883
1305031127.27947	-0.073005	0.59996	1.23187	0.993835	-0.10694	-0.0278353	0.00894865
1305031127.31136	-0.0804767	0.585529	1.23896	0.993759	-0.107588	-0.0282024	0.00851145
1305031127.34736	-0.072432	0.553119	1.25895	0.993714	-0.107281	-0.0308719	0.00835013
1305031127.37926	-0.0762323	0.559268	1.25848	0.994113	-0.103279	-0.0317282	0.00808286
1305031127.41137	-0.083878	0.551001	1.2623	0.994146	-0.10288	-0.0322487	0.00699727
1305031127.44733	-0.07795	0.520971	1.28122	0.994	-0.103623	-0.0343188	0.00702287
1305031127.47936	-0.087855	0.535668	1.27784	0.9944	-0.099675	-0.0346303	0.00582991
1305031127.51136	-0.0910223	0.528901	1.28806	0.994242	-0.10092	-0.0357002	0.00486738
1305031127.54735	-0.0844996	0.503806	1.30447	0.994059	-0.102087	-0.0373951	0.00522593
1305031127.57935	-0.0909903	0.508487	1.30352	0.994337	-0.0993937	-0.0373319	0.00468294
1305031127.61127	-0.0909486	0.5125	1.30727	0.994317	-0.0993532	-0.0379695	0.00457625
1305031127.64736	-0.0854459	0.494593	1.31888	0.994085	-0.101274	-0.0387265	0.00628023
1305031127.6793	-0.0838915	0.488915	1.32408	0.994209	-0.0996935	-0.0395076	0.00700382
1305031127.71138	-0.0951378	0.499224	1.31553	0.994384	-0.098113	-0.0392055	0.00602305
1305031127.7473	-0.0863922	0.486366	1.32723	0.994127	-0.10012	-0.0405232	0.00676552
1305031127.77935	-0.0875104	0.472622	1.33048	0.994173	-0.099601	-0.0406571	0.0068188
1305031127.81183	-0.095257	0.485031	1.32319	0.994461	-0.0968501	-0.0404759	0.00538555
1305031127.84737	-0.0959349	0.478818	1.32504	0.994396	-0.0974958	-0.0406099	0.00466967
1305031127.87938	-0.100777	0.467542	1.32707	0.99432	-0.0982678	-0.0406369	0.00435698
1305031127.91148	-0.106646	0.469816	1.32655	0.994377	-0.0974931	-0.0411923	0.00363514
1305031127.94737	-0.107486	0.477102	1.3275	0.994328	-0.09765	-0.0419697	0.00390992
1305031127.97937	-0.10465	0.470407	1.33947	0.994077	-0.0996664	-0.043157	0.00391347
1305031128.01143	-0.0993026	0.476428	1.3499	0.994012	-0.100082	-0.0437174	0.00364013
1305031128.04737	-0.0911665	0.459395	1.36908	0.993631	-0.103858	-0.0433827	0.00530571
1305031128.07933	-0.0964586	0.445866	1.37848	0.993609	-0.104364	-0.042581	0.0059923
1305031128.11139	-0.0936898	0.443003	1.38173	0.993663	-0.103645	-0.0429877	0.00657102
1305031128.14742	-0.0915733	0.441163	1.38858	0.993567	-0.104384	-0.0431264	0.00834648
1305031128.17935	-0.0746206	0.416896	1.40566	0.99336	-0.105533	-0.0446396	0.0103328
1305031128.21145	-0.084865	0.427086	1.39631	0.993748	-0.102317	-0.043542	0.00997336
1305031128.24748	-0.0864139	0.433628	1.3966	0.993761	-0.101992	-0.0439523	0.010207
1305031128.27934	-0.0836245	0.414729	1.4048	0.993587	-0.103421	-0.0445362	0.010252
1305031128.31148	-0.0869372	0.422527	1.39899	0.993826	-0.101303	-0.0442484	0.00944224
1305031128.34742	-0.0886907	0.421574	1.39731	0.993817	-0.101404	-0.0443939	0.00860033
1305031128.3794	-0.0909062	0.418823	1.39954	0.993791	-0.101583	-0.0448243	0.00713066
1305031128.41134	-0.0912633	0.408446	1.40189	0.993773	-0.101787	-0.044919	0.00611442
1305031128.4473	-0.0994035	0.413125	1.39521	0.993923	-0.100657	-0.0443109	0.00458993
1305031128.4793	-0.0992776	0.405586	1.39878	0.993838	-0.101341	-0.0447546	0.00349306
1305031128.51143	-0.100182	0.405289	1.39915	0.993913	-0.100698	-0.0446022	0.00289881
1305031128.5474	-0.0986543	0.403435	1.39749	0.993928	-0.100774	-0.0441196	0.00247321
1305031128.57946	-0.097366	0.385025	1.40028	0.993859	-0.101664	-0.0436261	0.00235345
1305031128.6114	-0.103221	0.385771	1.39309	0.994046	-0.0999566	-0.0432912	0.00259721
1305031128.64735	-0.110433	0.387467	1.38803	0.994098	-0.09913	-0.0440084	0.00247985
1305031128.67928	-0.105317	0.383004	1.39088	0.994027	-0.0989744	-0.045919	0.0023438
1305031128.71146	-0.097574	0.38117	1.39248	0.994101	-0.097931	-0.0465916	0.00164708
1305031128.74736	-0.10082	0.387035	1.38656	0.994303	-0.0965107	-0.0452513	0.000385541
