1305031102.311267 0.000678452 -0.0128018 0.208023 0.999821 -0.0169132 -0.00836575 0.00168744
1305031102.443271 -0.0287138 0.0617222 0.420109 0.999548 -0.0250402 -0.0164773 0.0022847
1305031102.575286 -0.00596357 0.0453634 0.719977 0.99881 -0.0456072 -0.0171541 -0.00225509
1305031102.711263 -0.0413389 0.09194 0.956481 0.999014 -0.042199 -0.0136832 0.00182716
1305031102.811232 -0.0356062 0.160266 1.15188 0.998967 -0.0444798 -0.00925711 0.000524215
1305031102.911185 -0.0590294 0.193949 1.33295 0.998965 -0.0452446 -0.000329732 -0.00473182
1305031103.043227 -0.130859 0.235569 1.52429 0.998636 -0.050288 -0.0139818 -0.00116108
1305031103.175452 -0.0952288 0.332407 1.71437 0.998659 -0.0483341 -0.017838 0.00517546
1305031103.343223 -0.0946157 0.36912 1.85852 0.996374 -0.076915 -0.0331143 0.0150449
1305031103.575474 -0.0952284 0.255694 1.71309 0.996386 -0.0729431 -0.0415325 0.0130168
1305031103.711610 -0.0704575 0.172625 1.49407 0.996503 -0.0626331 -0.0531409 0.015344
1305031103.811242 -0.0646694 0.127597 1.27869 0.997128 -0.0559389 -0.0505127 0.00737548
1305031103.911221 -0.07986 0.022533 1.09237 0.996164 -0.0670209 -0.0562633 0.000668991
1305031104.011232 -0.025305 -0.0434124 0.915107 0.996173 -0.0592236 -0.0642616 -0.0014915
1305031104.111235 0.0340564 -0.0853146 0.7119 0.997556 -0.0444417 -0.0534159 -0.00732841
1305031104.211283 0.028573 -0.150856 0.488022 0.998604 -0.0323688 -0.0406898 -0.00931386
1305031104.311219 0.046604 -0.171598 0.301535 0.999224 -0.0185614 -0.0331822 -0.0102781
1305031104.411509 0.0367567 -0.191565 0.124696 0.999685 -0.0122211 -0.019241 -0.0105218
1305031104.543368 -0.00433461 -0.244095 -0.0836236 0.999698 -0.00927228 -0.0213874 -0.00783397
1305031104.675525 0.10218 -0.319547 -0.235998 0.999656 0.0251949 -0.00622211 -0.00370074
1305031104.775327 0.106466 -0.303893 -0.408843 0.997743 0.0651069 0.0163491 0.00159229
1305031104.875350 0.0934034 -0.238609 -0.531188 0.995225 0.0912823 0.0336799 0.00781211
1305031105.075320 0.101673 -0.129129 -0.380828 0.996372 0.0782066 0.0321912 0.00947922
1305031105.175159 0.0510193 -0.0700503 -0.192474 0.998135 0.0548439 0.0266792 0.00263247
1305031105.243270 0.0174815 -0.133693 -0.0443475 0.999384 0.0301907 0.0178924 -0.000642144
1305031105.311290 -0.0197474 -0.12304 0.114351 0.999943 0.00933364 0.00482728 -0.00166729
1305031105.411286 -0.0322547 -0.110631 0.329266 0.999895 -0.00801278 -0.011852 -0.00232816
1305031105.511332 -0.0324404 -0.100618 0.557675 0.999468 -0.0232012 -0.0228163 -0.00212629
1305031105.611378 -0.0318513 -0.0942981 0.802207 0.999067 -0.0338118 -0.0268763 0.000262498
1305031105.711309 0.00713497 -0.0744062 1.03897 0.998923 -0.0361607 -0.0286735 0.00471474
1305031105.811283 0.00990414 -0.0208707 1.25118 0.99935 -0.0324586 -0.0147836 0.00517632
1305031105.911262 0.0346712 0.046408 1.45169 0.999374 -0.0327232 -0.00287208 0.0131269
1305031106.011285 0.0262686 0.123503 1.63964 0.9989 -0.0429464 0.00601803 0.0178403
1305031106.111327 -0.00174067 0.184491 1.79599 0.998083 -0.0571707 0.0110252 0.0210035
1305031106.211275 -0.0206745 0.201985 1.96809 0.996965 -0.0733626 0.00665145 0.025191
1305031106.375388 -0.0296068 0.307972 2.10253 0.995593 -0.0900222 0.00109952 0.0262532
1305031106.575282 -0.0610002 0.167705 1.96336 0.995372 -0.0953532 0.000529709 0.0118922
1305031106.675279 -0.0674307 0.119063 1.7883 0.995663 -0.0923024 -0.00889333 0.00753401
1305031106.775390 -0.0624268 0.055202 1.58589 0.995361 -0.0917335 -0.0278951 0.00799462
1305031106.875905 -0.0240865 -0.0210774 1.38177 0.995235 -0.0880059 -0.0417634 0.00433083
1305031106.975547 -0.0103693 -0.0903416 1.14209 0.996275 -0.0765422 -0.038984 -0.0076007
1305031107.043281 -0.0272929 -0.118153 0.951298 0.996977 -0.0694631 -0.0318717 -0.0140049
1305031107.143260 -0.0118853 -0.153894 0.707427 0.997758 -0.057151 -0.0314323 -0.0150084
1305031107.243378 0.0152756 -0.218627 0.51516 0.998571 -0.0430145 -0.0255154 -0.0188151
1305031107.343509 0.0815456 -0.313836 0.359817 0.999394 -0.0229699 -0.0181721 -0.0188046
1305031107.443419 0.11341 -0.2877 0.217509 0.999796 -0.000147093 -0.00391413 -0.019817
1305031107.943122 0.247359 -0.22276 0.30635 0.999721 -0.011703 0.0108227 -0.0174447
1305031108.075352 0.434442 -0.22021 0.360037 0.999304 -0.00203841 0.0348667 -0.0130952
1305031108.211475 0.623495 -0.176205 0.438658 0.998654 -0.00233329 0.0507785 -0.0103196
1305031108.343278 0.819761 -0.120095 0.533167 0.998119 -0.0101249 0.0597825 -0.00908308
1305031108.443610 1.00396 -0.109847 0.595858 0.998299 -0.0253145 0.0515985 0.00980048
1305031108.511378 1.17179 -0.12308 0.647541 0.998008 -0.0284277 0.0518973 0.0218812
1305031108.611407 1.32282 -0.0808611 0.662089 0.997055 -0.0183722 0.0724142 0.017348
1305031108.743502 1.49967 -0.0724871 0.692666 0.99439 -0.0272002 0.0986474 0.0267972
1305031109.143334 1.32818 -0.102276 0.621415 0.995608 -0.0220901 0.08335 0.0364518
1305031109.275308 1.10061 -0.0881679 0.625513 0.99604 -0.0371573 0.0654453 0.0473294
1305031109.375397 0.918421 -0.0589168 0.608577 0.997409 -0.0383304 0.0372896 0.0481273
1305031109.475363 0.750234 -0.0558491 0.608687 0.99813 -0.0450639 0.0205811 0.0358206
1305031109.575362 0.546242 -0.0643234 0.581129 0.998555 -0.0419426 0.0169634 0.0289878
1305031109.675263 0.344167 -0.0438865 0.557683 0.998526 -0.0440254 0.0142758 0.0283623
1305031109.811371 0.0992969 -0.0298199 0.567196 0.99804 -0.0563049 0.00441835 0.0269588
1305031109.911265 -0.118898 -0.0543602 0.609894 0.997562 -0.066553 -0.00638192 0.0199819
1305031110.011256 -0.311884 -0.00902078 0.656474 0.997218 -0.0728531 -0.0150979 0.00460221
1305031110.111325 -0.52434 -0.00534869 0.700955 0.996346 -0.082764 -0.0173346 -0.0120224
1305031110.243323 -0.739527 -0.0395929 0.752214 0.995032 -0.0923427 -0.0333992 -0.0163746
1305031110.379281 -0.94297 -0.019046 0.743543 0.994803 -0.084804 -0.0518617 -0.0220477
1305031110.479331 -1.11001 -0.00814657 0.728591 0.99266 -0.0915868 -0.07166 -0.0332108
1305031110.611307 -1.25921 0.0223835 0.774792 0.988661 -0.101106 -0.10098 -0.0461518
1305031110.843218 -1.4246 0.0556099 0.786086 0.98627 -0.103486 -0.115243 -0.0572803
1305031111.079283 -1.22006 0.0693653 0.801226 0.986568 -0.10666 -0.11153 -0.0535578
1305031111.179326 -1.03623 0.044828 0.835759 0.987512 -0.105241 -0.10639 -0.0492488
1305031111.379134 -0.825837 0.0234962 0.827326 0.990751 -0.0985187 -0.0838791 -0.0408824
1305031111.479259 -0.491181 0.00738994 0.876814 0.990349 -0.0914688 -0.0948033 -0.0430641
1305031111.579237 -0.349902 0.0124598 0.838636 0.994161 -0.0787777 -0.0632803 -0.0378726
1305031111.679320 -0.129004 -0.0133955 0.842618 0.995801 -0.0728513 -0.0524866 -0.0178219
1305031111.743386 0.0797753 -0.0132538 0.912388 0.996866 -0.0681609 -0.0380264 -0.0128592
1305031111.843299 0.193905 0.00195936 0.85558 0.998251 -0.0575937 0.0101969 -0.00862144
1305031111.979449 0.440055 -0.00277392 0.847426 0.998255 -0.0542335 0.0166264 0.0164126
1305031112.079339 0.643286 0.00716241 0.857661 0.997933 -0.0453407 0.0441388 0.0111983
1305031112.179390 0.797069 0.0298216 0.839059 0.996428 -0.0427899 0.0726441 -0.00476005
1305031112.279353 0.919664 -0.0149966 0.877903 0.994096 -0.0340356 0.101391 -0.01828
1305031112.411442 1.14423 0.00161012 0.867726 0.994913 -0.0125536 0.0994454 -0.010073
1305031112.543212 1.35068 -0.0122921 0.852043 0.995769 -0.00230671 0.0901668 0.0175665
1305031112.643246 1.53725 0.0284565 0.846395 0.995189 -0.000326751 0.0903807 0.0378164
1305031112.943321 1.42726 0.066829 0.924221 0.993674 -0.0275982 0.0966578 0.0500806
1305031113.079251 1.25789 0.0137444 0.918988 0.99487 -0.0381382 0.0845626 0.0403618
1305031113.211259 1.03233 0.0189544 0.870988 0.996098 -0.0384185 0.0696911 0.0381578
1305031113.311452 0.82874 -0.0274833 0.864372 0.996864 -0.0399106 0.0506317 0.0458814
1305031113.411625 0.639012 -0.0299516 0.864256 0.998125 -0.0371446 0.0214742 0.0436514
1305031113.479311 0.464607 0.00870001 0.860173 0.998797 -0.036143 0.0083642 0.0320736
1305031113.579301 0.247609 -0.00579822 0.88746 0.998781 -0.0422822 -0.0100848 0.0234022
1305031113.679288 0.0515862 -0.00740849 0.917499 0.998645 -0.0485169 -0.0146582 0.0117854
1305031113.779320 -0.149687 -0.0214663 0.930838 0.998814 -0.0476526 -0.00968479 -0.00253994
1305031113.879281 -0.381028 -0.0442238 0.948699 0.998781 -0.0473737 -0.00459706 -0.0130941
1305031113.979293 -0.564636 -0.0138337 0.952344 0.999108 -0.036635 -0.00308194 -0.0207619
1305031114.043301 -0.759249 -0.00672296 0.941869 0.999087 -0.0316267 -0.00150224 -0.0286979
1305031114.143284 -0.948389 0.0355046 0.967278 0.99894 -0.0244508 -0.0190049 -0.0340625
1305031114.243337 -1.14693 0.0546377 0.977113 0.998569 -0.021521 -0.0240661 -0.0426266
1305031114.379320 -1.33378 0.067982 1.02649 0.997264 -0.022611 -0.0500746 -0.0494584
1305031114.479332 -1.54327 0.0736712 1.03478 0.99637 -0.0217524 -0.0596304 -0.0567344
1305031114.679251 -1.69256 0.0515074 1.08491 0.994474 -0.0375717 -0.084224 -0.0501553
1305031114.979280 -1.51196 0.0934545 1.07243 0.992414 -0.0393732 -0.100061 -0.0596036
1305031115.111230 -1.25829 0.10647 1.12446 0.992324 -0.052538 -0.0947926 -0.0595601
1305031115.211374 -1.10374 0.0508501 1.16949 0.993599 -0.0601548 -0.0786189 -0.0544171
1305031115.311704 -0.839985 0.0322065 1.23021 0.995199 -0.0559013 -0.0692006 -0.0407991
1305031115.443159 -0.586111 0.0869164 1.25624 0.995798 -0.0627927 -0.0613808 -0.0259898
1305031115.511253 -0.350795 0.0954958 1.35085 0.995352 -0.0695626 -0.0647157 -0.0157098
1305031115.579315 -0.198876 0.0960955 1.35971 0.996962 -0.0679331 -0.0376604 -0.00578572
1305031115.679241 -0.0269655 0.0556319 1.31675 0.997596 -0.0658749 -0.0151054 0.0153436
1305031115.743250 0.222789 0.093469 1.35385 0.997411 -0.0628529 -0.0141689 0.031951
1305031115.843224 0.443376 0.0883454 1.31246 0.996515 -0.0631175 0.0171186 0.0517786
1305031115.943311 0.634985 0.0890957 1.28993 0.994909 -0.0612657 0.0363704 0.0712739
1305031116.011379 0.808312 0.128078 1.30839 0.993576 -0.0634868 0.048896 0.0799082
1305031116.111300 0.923094 0.156236 1.3396 0.989348 -0.0768865 0.0879285 0.0868772
1305031116.243320 1.10516 0.12241 1.39408 0.98389 -0.0933965 0.117133 0.0975603
1305031116.479850 1.20687 0.104189 1.35176 0.976078 -0.0904621 0.155197 0.122481
1305031116.611261 1.00593 0.0992197 1.34163 0.979018 -0.0858736 0.15264 0.104168
1305031116.711634 0.823427 0.122921 1.31644 0.98492 -0.0818214 0.13097 0.0780055
1305031116.811318 0.578273 0.107439 1.32091 0.987898 -0.0872361 0.118487 0.049081
1305031116.880165 0.390692 0.126722 1.30923 0.990649 -0.0853836 0.100181 0.0358996
1305031116.943296 0.224501 0.131734 1.30201 0.993184 -0.0859576 0.0745897 0.025145
1305031117.011382 0.0584607 0.141876 1.30787 0.995236 -0.0836323 0.0496719 0.00658129
1305031117.111238 -0.129159 0.183351 1.31941 0.996074 -0.0870526 0.0155298 -0.00408986
1305031117.211361 -0.248196 0.247081 1.36478 0.995683 -0.0909999 -0.0133766 -0.0124641
1305031117.511325 -0.307061 0.0788225 1.43743 0.994737 -0.0988247 -0.0218651 -0.0159123
1305031117.711184 -0.320725 -0.112259 1.48959 0.99547 -0.0882877 -0.0333464 -0.0115363
1305031117.843291 -0.266057 -0.294001 1.59753 0.995186 -0.0876556 -0.0438061 -0.0016961
1305031117.979228 -0.307592 -0.459889 1.66843 0.995801 -0.0854503 -0.0325804 -0.00414677
1305031118.111217 -0.262573 -0.657673 1.80495 0.995766 -0.0869524 -0.0293253 -0.0054376
1305031118.211202 -0.305873 -0.822042 1.86959 0.996301 -0.0837576 -0.0171498 -0.00860584
1305031118.343324 -0.28284 -0.986272 1.93898 0.99757 -0.0660778 -0.0195096 -0.0103511
1305031118.779277 -0.313305 -0.721154 1.86403 0.998079 -0.0572062 -0.0172832 -0.0163476
1305031118.911177 -0.28326 -0.537084 1.77815 0.99784 -0.0594691 -0.0179291 -0.0213802
1305031119.011363 -0.305481 -0.336692 1.672 0.997621 -0.0609523 -0.0149628 -0.0285201
1305031119.147616 -0.348627 -0.151682 1.53236 0.997286 -0.0645315 -0.0225955 -0.0273252
1305031119.279212 -0.341619 0.0510119 1.4241 0.997372 -0.0600904 -0.0317992 -0.0250542
1305031119.411484 -0.327318 0.248514 1.34128 0.99741 -0.0587534 -0.0369887 -0.0188117
1305031119.547382 -0.354014 0.465303 1.2568 0.99766 -0.0591342 -0.0296043 -0.0173663
1305031119.647903 -0.364598 0.643378 1.21032 0.99735 -0.0662307 -0.0252976 -0.0163458
1305031119.779169 -0.381659 0.808414 1.19244 0.996176 -0.0850614 -0.0179056 -0.00879291
1305031119.911401 -0.385686 0.997877 1.15701 0.996001 -0.0882975 -0.0136065 -0.00064443
1305031120.379437 -0.361028 0.824459 1.20947 0.994889 -0.10039 -0.0107517 0.00111827
1305031120.479432 -0.336654 0.661478 1.28466 0.996171 -0.0861683 -0.0145125 0.00264254
1305031120.615236 -0.321206 0.485087 1.36812 0.997359 -0.0656938 -0.0281312 0.0129872
1305031120.747369 -0.298356 0.326505 1.45463 0.997758 -0.0540628 -0.0362107 0.0156284
1305031120.883435 -0.248331 0.149283 1.55046 0.997842 -0.0480914 -0.0427676 0.0129958
1305031121.015019 -0.264359 -0.0378152 1.60147 0.998119 -0.0455797 -0.0406454 0.00532894
1305031121.183271 -0.273335 -0.263353 1.65931 0.998257 -0.0383355 -0.0448049 0.00242779
1305031121.313568 -0.256239 -0.47173 1.72761 0.998363 -0.0338499 -0.0459169 0.00423049
1305031121.482964 -0.222323 -0.705629 1.83121 0.998528 -0.0246977 -0.0475118 0.00858542
1305031121.683200 -0.254291 -0.916219 1.90231 0.999157 -0.0241582 -0.0330178 0.00334938
1305031121.882060 -0.253941 -1.07365 1.96961 0.998825 -0.0350648 -0.0279353 0.018399
1305031122.114672 -0.251553 -0.908481 1.91493 0.998915 -0.0312057 -0.0339453 0.00654043
1305031122.214959 -0.276802 -0.646215 1.83923 0.999192 -0.024498 -0.030398 -0.00953548
1305031122.314289 -0.322943 -0.470615 1.76346 0.998687 -0.0356295 -0.030684 -0.0203281
1305031122.451257 -0.354297 -0.318633 1.65924 0.997272 -0.0560627 -0.0426625 -0.0220462
1305031122.583208 -0.32622 -0.127202 1.57237 0.996178 -0.0638709 -0.0537757 -0.0256364
1305031122.715208 -0.362378 0.0679468 1.47089 0.996176 -0.062578 -0.0577546 -0.0195548
1305031122.812555 -0.344357 0.266755 1.43512 0.995617 -0.0676542 -0.061388 -0.020053
1305031122.982815 -0.386006 0.464526 1.35802 0.995665 -0.079457 -0.0451644 -0.0172365
1305031123.150822 -0.379011 0.667694 1.30253 0.995268 -0.086489 -0.0436405 -0.00751139
1305031123.250618 -0.368122 0.855366 1.27758 0.994819 -0.0953396 -0.0340616 -0.00923992
1305031123.382255 -0.350634 0.998851 1.29419 0.992351 -0.121962 -0.0189531 -0.002535
1305031123.551513 -0.343606 1.16238 1.26013 0.990331 -0.138192 -0.00774575 0.00937443
1305031123.711323 -0.321284 1.3463 1.24236 0.988204 -0.152338 0.00333299 0.0153604
1305031124.147446 -0.324036 1.19199 1.2741 0.990494 -0.134422 -0.0136964 0.0258014
1305031124.282545 -0.342394 1.0228 1.31751 0.99214 -0.121729 -0.019505 0.0214615
1305031124.411439 -0.31054 0.807757 1.37532 0.993591 -0.106309 -0.0329373 0.0197742
1305031124.511324 -0.301021 0.652604 1.40237 0.995458 -0.0862972 -0.0380374 0.0130255
1305031124.611358 -0.301033 0.480965 1.44702 0.996242 -0.0738144 -0.0448751 0.00634472
1305031124.749890 -0.276215 0.270389 1.52905 0.996996 -0.0580194 -0.0513056 -0.000197624
1305031124.850535 -0.263127 0.0963722 1.61323 0.997027 -0.0528772 -0.0560463 -0.000818087
1305031124.979438 -0.245201 -0.153575 1.75549 0.997215 -0.05272 -0.0527503 0.00025913
1305031125.111364 -0.238598 -0.343053 1.85278 0.997272 -0.045478 -0.0577622 0.00666811
1305031125.250632 -0.2442 -0.521517 1.93245 0.997581 -0.0434393 -0.0541632 0.00350887
1305031125.451195 -0.247386 -0.683668 2.03164 0.998518 -0.0382835 -0.0381793 -0.00624839
1305031125.879318 -0.300462 -0.533661 1.87241 0.999213 -0.0240327 -0.0283398 -0.013887
1305031126.011333 -0.296914 -0.339651 1.78324 0.998101 -0.0334306 -0.0513178 -0.00663385
1305031126.111370 -0.256273 -0.157407 1.76815 0.997608 -0.0439304 -0.053064 -0.00572506
1305031126.211319 -0.255201 0.0219961 1.73575 0.996941 -0.0578015 -0.0524961 -0.00341888
1305031126.311332 -0.241569 0.224347 1.69607 0.996531 -0.0683753 -0.0470824 -0.00577068
1305031126.447361 -0.264704 0.394016 1.64626 0.995341 -0.0888577 -0.0361762 -0.00963363
1305031126.579454 -0.254272 0.574614 1.58951 0.993733 -0.105581 -0.0365718 -0.00311063
1305031126.779379 -0.231636 0.728825 1.53726 0.992122 -0.121703 -0.0266055 0.0132337
1305031127.879380 -0.23266 0.584467 1.6046 0.993334 -0.106584 -0.041866 0.013228
